8.085079491138458252e-02
6.046452745795249939e-02
5.036607012152671814e-02
4.001514613628387451e-02
3.566018864512443542e-02
3.136834129691123962e-02
2.979045733809471130e-02
2.347891964018344879e-02
2.284776605665683746e-02
2.139611169695854187e-02
1.868215017020702362e-02
1.779853552579879761e-02
1.647311262786388397e-02
1.483211293816566467e-02
1.306488271802663803e-02
1.104519050568342209e-02
1.262307539582252502e-02
1.199192088097333908e-02
1.003534439951181412e-02
1.054026745259761810e-02
1.173945982009172440e-02
1.047715265303850174e-02
9.341075085103511810e-03
9.088614024221897125e-03
8.331229910254478455e-03
8.268114179372787476e-03
7.636960595846176147e-03
8.015652187168598175e-03
8.962383493781089783e-03
7.700075861066579819e-03
7.321383338421583176e-03
8.646806702017784119e-03
6.563998758792877197e-03
6.690229754894971848e-03
7.258268073201179504e-03
7.258268073201179504e-03
6.437768228352069855e-03
6.627114489674568176e-03
6.185306701809167862e-03
7.132037542760372162e-03
5.238576326519250870e-03
6.500883493572473526e-03
5.869729910045862198e-03
6.437768228352069855e-03
5.617268383502960205e-03
5.301691591739654541e-03
4.670537542551755905e-03
6.248421967029571533e-03
5.175460595637559891e-03
5.427922122180461884e-03
5.806614644825458527e-03
5.301691591739654541e-03
4.607422277331352234e-03
5.364806856960058212e-03
5.995960440486669540e-03
4.228730220347642899e-03
5.932845175266265869e-03
5.175460595637559891e-03
4.796768538653850555e-03
4.859883803874254227e-03
4.165614955127239227e-03
4.796768538653850555e-03
3.660691669210791588e-03
5.554153118282556534e-03
4.544307012110948563e-03
5.301691591739654541e-03
6.437768228352069855e-03
5.301691591739654541e-03
5.049230065196752548e-03
6.374652963131666183e-03
6.753345020115375519e-03
5.743498913943767548e-03
5.806614644825458527e-03
4.544307012110948563e-03
5.301691591739654541e-03
5.049230065196752548e-03
5.364806856960058212e-03
5.301691591739654541e-03
4.859883803874254227e-03
4.922999069094657898e-03
4.859883803874254227e-03
4.670537542551755905e-03
5.364806856960058212e-03
5.680383648723363876e-03
3.660691669210791588e-03
4.733653273433446884e-03
3.471345640718936920e-03
4.607422277331352234e-03
3.976268693804740906e-03
3.723807167261838913e-03
4.228730220347642899e-03
3.723807167261838913e-03
4.228730220347642899e-03
3.976268693804740906e-03
4.922999069094657898e-03
4.922999069094657898e-03
5.364806856960058212e-03
5.806614644825458527e-03
6.563998758792877197e-03
5.112345330417156219e-03
