3.929944336414337158e-02
7.615238428115844727e-02
7.378353923559188843e-02
6.395868211984634399e-02
5.304648354649543762e-02
4.939613863825798035e-02
4.081394895911216736e-02
3.840627521276473999e-02
3.188225626945495605e-02
2.978525124490261078e-02
2.586307376623153687e-02
2.221272885799407959e-02
2.027105726301670074e-02
1.980505697429180145e-02
1.739738322794437408e-02
1.530037634074687958e-02
1.479554176330566406e-02
1.432954054325819016e-02
1.262086909264326096e-02
1.199953444302082062e-02
1.083453092724084854e-02
1.095103099942207336e-02
1.098986435681581497e-02
9.087026119232177734e-03
8.310357108712196350e-03
8.349190466105937958e-03
8.698691613972187042e-03
7.999689318239688873e-03
7.378354202955961227e-03
6.873519625514745712e-03
6.990019697695970535e-03
6.834685802459716797e-03
6.058017257601022720e-03
5.436682142317295074e-03
5.786183290183544159e-03
5.203681532293558121e-03
4.815347027033567429e-03
5.514348857104778290e-03
5.320181604474782944e-03
5.320181604474782944e-03
5.397848784923553467e-03
5.475515499711036682e-03
4.931847099214792252e-03
5.087180994451045990e-03
4.427012521773576736e-03
4.116345196962356567e-03
4.582346417009830475e-03
4.310511983931064606e-03
3.961011301726102829e-03
4.310511983931064606e-03
4.621179774403572083e-03
4.582346417009830475e-03
4.155178554356098175e-03
4.427012521773576736e-03
4.776513669639825821e-03
4.271678626537322998e-03
3.417342901229858398e-03
3.961011301726102829e-03
3.961011301726102829e-03
4.155178554356098175e-03
4.038678016513586044e-03
3.495009848847985268e-03
3.611510153859853745e-03
3.495009848847985268e-03
3.728010458871722221e-03
2.834841376170516014e-03
4.194011911749839783e-03
3.223175881430506706e-03
3.106675576418638229e-03
3.262009238824248314e-03
4.310511983931064606e-03
3.067841986194252968e-03
3.106675576418638229e-03
3.572676796466112137e-03
3.184342291206121445e-03
3.029008628800511360e-03
2.640674123540520668e-03
2.796008018776774406e-03
2.097005955874919891e-03
2.524173818528652191e-03
1.941672177053987980e-03
1.980505650863051414e-03
1.398004009388387203e-03
1.825171872042119503e-03
1.281503587961196899e-03
1.747504924423992634e-03
1.398004009388387203e-03
1.009669504128396511e-03
1.087336451746523380e-03
1.242670230567455292e-03
8.931691991165280342e-04
1.126169809140264988e-03
1.242670230567455292e-03
1.009669504128396511e-03
1.126169809140264988e-03
1.708671450614929199e-03
1.359170535579323769e-03
1.087336451746523380e-03
1.475670840591192245e-03
1.941672177053987980e-03
