8.287049084901809692e-02
5.566776171326637268e-02
4.613734036684036255e-02
4.512749239802360535e-02
3.831103071570396423e-02
3.288311138749122620e-02
2.814945764839649200e-02
2.688715048134326935e-02
2.480434253811836243e-02
2.095430530607700348e-02
1.767230406403541565e-02
1.786165125668048859e-02
1.773541979491710663e-02
1.622065156698226929e-02
1.678868941962718964e-02
1.476899813860654831e-02
1.413784362375736237e-02
1.237061340361833572e-02
1.293865218758583069e-02
1.104519050568342209e-02
1.148699782788753510e-02
1.072961371392011642e-02
1.079272944480180740e-02
8.773037232458591461e-03
7.258268073201179504e-03
8.520575240254402161e-03
7.826306857168674469e-03
8.204998448491096497e-03
7.700075861066579819e-03
7.636960595846176147e-03
7.573844864964485168e-03
6.627114489674568176e-03
6.437768228352069855e-03
6.311537697911262512e-03
6.248421967029571533e-03
7.195152807980775833e-03
5.364806856960058212e-03
4.544307012110948563e-03
6.879576016217470169e-03
6.753345020115375519e-03
6.690229754894971848e-03
5.049230065196752548e-03
5.932845175266265869e-03
5.049230065196752548e-03
6.627114489674568176e-03
5.112345330417156219e-03
4.607422277331352234e-03
6.311537697911262512e-03
6.437768228352069855e-03
4.796768538653850555e-03
5.554153118282556534e-03
5.617268383502960205e-03
4.986114799976348877e-03
4.922999069094657898e-03
6.500883493572473526e-03
5.112345330417156219e-03
6.627114489674568176e-03
5.427922122180461884e-03
5.175460595637559891e-03
5.680383648723363876e-03
5.364806856960058212e-03
4.986114799976348877e-03
5.617268383502960205e-03
5.995960440486669540e-03
5.743498913943767548e-03
6.059076171368360519e-03
5.175460595637559891e-03
5.617268383502960205e-03
5.427922122180461884e-03
4.607422277331352234e-03
5.491037387400865555e-03
6.437768228352069855e-03
5.491037387400865555e-03
5.427922122180461884e-03
5.238576326519250870e-03
6.185306701809167862e-03
4.291845485568046570e-03
4.291845485568046570e-03
4.418076016008853912e-03
2.524615032598376274e-03
3.471345640718936920e-03
3.029538085684180260e-03
4.544307012110948563e-03
3.723807167261838913e-03
3.786922432482242584e-03
2.650845795869827271e-03
3.660691669210791588e-03
4.228730220347642899e-03
3.345114877447485924e-03
3.029538085684180260e-03
3.913153428584337234e-03
3.092653350904583931e-03
4.039383959025144577e-03
4.859883803874254227e-03
4.418076016008853912e-03
3.345114877447485924e-03
4.544307012110948563e-03
4.986114799976348877e-03
4.607422277331352234e-03
3.913153428584337234e-03
