4.155178368091583252e-02
7.013320177793502808e-02
6.694885343313217163e-02
6.174517422914505005e-02
5.836666375398635864e-02
5.118247866630554199e-02
4.217312112450599670e-02
3.696943819522857666e-02
3.506660088896751404e-02
3.040658682584762573e-02
2.749407850205898285e-02
2.446506917476654053e-02
2.322239987552165985e-02
2.054289169609546661e-02
1.914488710463047028e-02
1.669838093221187592e-02
1.623237878084182739e-02
1.401887275278568268e-02
1.347520481795072556e-02
1.153353229165077209e-02
1.176653336733579636e-02
9.980195201933383942e-03
8.737524971365928650e-03
8.970525115728378296e-03
9.553027339279651642e-03
7.378354202955961227e-03
7.378354202955961227e-03
7.611354812979698181e-03
6.951186340302228928e-03
7.456020917743444443e-03
6.951186340302228928e-03
6.562851835042238235e-03
6.096850614994764328e-03
6.174517329782247543e-03
6.640519015491008759e-03
5.436682142317295074e-03
5.980350077152252197e-03
5.747349467128515244e-03
5.863850004971027374e-03
5.630849394947290421e-03
5.786183290183544159e-03
5.669682752341032028e-03
5.048347637057304382e-03
4.893013741821050644e-03
5.009514279663562775e-03
5.630849394947290421e-03
5.048347637057304382e-03
5.281348247081041336e-03
5.203681532293558121e-03
4.155178554356098175e-03
5.048347637057304382e-03
5.048347637057304382e-03
4.310511983931064606e-03
4.310511983931064606e-03
4.854180384427309036e-03
3.999844659119844437e-03
3.999844659119844437e-03
4.194011911749839783e-03
3.805677406489849091e-03
3.922177944332361221e-03
3.495009848847985268e-03
3.805677406489849091e-03
3.067841986194252968e-03
2.563007175922393799e-03
3.145508933812379837e-03
4.038678016513586044e-03
2.757174428552389145e-03
3.106675576418638229e-03
2.796008018776774406e-03
2.019339008256793022e-03
3.029008628800511360e-03
2.640674123540520668e-03
2.951341681182384491e-03
2.485340461134910583e-03
2.097005955874919891e-03
2.368840156123042107e-03
1.864005229435861111e-03
1.864005229435861111e-03
1.436837366782128811e-03
1.864005229435861111e-03
2.019339008256793022e-03
1.203836756758391857e-03
1.475670840591192245e-03
1.165003282949328423e-03
9.708360885269939899e-04
1.398004009388387203e-03
9.708360885269939899e-04
8.931691991165280342e-04
1.281503587961196899e-03
1.242670230567455292e-03
9.708360885269939899e-04
1.009669504128396511e-03
1.165003282949328423e-03
1.436837366782128811e-03
1.087336451746523380e-03
8.543357253074645996e-04
7.766688941046595573e-04
7.766688941046595573e-04
9.320026147179305553e-04
1.514504314400255680e-03
