2.711956202983856201e-01
9.128528833389282227e-02
5.512586981058120728e-02
3.891817480325698853e-02
2.980442345142364502e-02
2.591260708868503571e-02
2.014877647161483765e-02
1.837528869509696960e-02
1.630622148513793945e-02
1.482831686735153198e-02
1.541947852820158005e-02
1.246366836130619049e-02
1.108429022133350372e-02
9.360066615045070648e-03
1.014828309416770935e-02
8.621114306151866913e-03
7.093945518136024475e-03
7.093945518136024475e-03
7.635843940079212189e-03
6.650574039667844772e-03
6.502783391624689102e-03
6.601310335099697113e-03
6.256465800106525421e-03
5.665303673595190048e-03
5.911621265113353729e-03
5.369722843170166016e-03
5.468249786645174026e-03
4.285925533622503281e-03
5.221932195127010345e-03
5.221932195127010345e-03
5.517513025552034378e-03
5.024877842515707016e-03
5.024877842515707016e-03
4.433715716004371643e-03
3.793290350586175919e-03
4.778560716658830643e-03
4.138134885579347610e-03
3.694763174280524254e-03
3.546972759068012238e-03
3.842553822323679924e-03
3.744026878848671913e-03
3.645499702543020248e-03
2.955810632556676865e-03
3.054337576031684875e-03
3.152864752337336540e-03
3.990344237536191940e-03
2.906547160819172859e-03
2.906547160819172859e-03
3.103601047769188881e-03
3.497709287330508232e-03
3.152864752337336540e-03
2.364648506045341492e-03
2.857283689081668854e-03
3.152864752337336540e-03
3.596236230805516243e-03
3.103601047769188881e-03
3.300655167549848557e-03
2.610966097563505173e-03
3.103601047769188881e-03
3.054337576031684875e-03
3.300655167549848557e-03
3.300655167549848557e-03
2.709493041038513184e-03
2.906547160819172859e-03
2.906547160819172859e-03
2.118330914527177811e-03
2.808019984513521194e-03
3.497709287330508232e-03
4.236661829054355621e-03
2.906547160819172859e-03
3.152864752337336540e-03
2.512438921257853508e-03
2.709493041038513184e-03
2.808019984513521194e-03
2.857283689081668854e-03
3.103601047769188881e-03
2.808019984513521194e-03
2.955810632556676865e-03
3.300655167549848557e-03
2.610966097563505173e-03
3.202128224074840546e-03
3.448445815593004227e-03
2.857283689081668854e-03
3.251391695812344551e-03
3.694763174280524254e-03
3.645499702543020248e-03
3.694763174280524254e-03
3.546972759068012238e-03
4.778560716658830643e-03
3.497709287330508232e-03
4.138134885579347610e-03
4.975614603608846664e-03
5.074141547083854675e-03
4.630770068615674973e-03
5.123405251652002335e-03
5.320459138602018356e-03
6.896891631186008453e-03
6.108675152063369751e-03
8.128479123115539551e-03
1.344893872737884521e-02
