2.306264787912368774e-01
4.698634147644042969e-02
3.221496567130088806e-02
2.382719703018665314e-02
1.759204268455505371e-02
1.529097370803356171e-02
1.284144911915063858e-02
1.195071265101432800e-02
1.172802876681089401e-02
1.083729229867458344e-02
8.461995050311088562e-03
8.833135478198528290e-03
7.868170738220214844e-03
8.387766778469085693e-03
7.348574697971343994e-03
6.903206463903188705e-03
6.309382617473602295e-03
7.200118619948625565e-03
6.903206463903188705e-03
4.824821837246417999e-03
5.789786111563444138e-03
5.195961799472570419e-03
6.828978657722473145e-03
4.527909681200981140e-03
5.195961799472570419e-03
4.824821837246417999e-03
5.195961799472570419e-03
5.492873955518007278e-03
5.121733993291854858e-03
4.453681875020265579e-03
4.973277915269136429e-03
4.973277915269136429e-03
3.785629523918032646e-03
4.453681875020265579e-03
4.453681875020265579e-03
4.379453603178262711e-03
4.602137953042984009e-03
4.305225796997547150e-03
5.047505721449851990e-03
3.637173445895314217e-03
4.527909681200981140e-03
4.602137953042984009e-03
4.379453603178262711e-03
3.711401484906673431e-03
3.859857562929391861e-03
4.082541447132825851e-03
5.047505721449851990e-03
4.453681875020265579e-03
3.711401484906673431e-03
4.082541447132825851e-03
5.418646149337291718e-03
3.859857562929391861e-03
4.527909681200981140e-03
3.488717367872595787e-03
4.379453603178262711e-03
3.414489328861236572e-03
4.008313640952110291e-03
3.488717367872595787e-03
3.637173445895314217e-03
4.230997525155544281e-03
2.969121094793081284e-03
4.305225796997547150e-03
4.676365759223699570e-03
4.453681875020265579e-03
4.750594031065702438e-03
4.008313640952110291e-03
4.008313640952110291e-03
4.602137953042984009e-03
3.934085369110107422e-03
3.266033250838518143e-03
5.641330033540725708e-03
5.270190071314573288e-03
5.641330033540725708e-03
4.824821837246417999e-03
4.676365759223699570e-03
4.973277915269136429e-03
4.824821837246417999e-03
4.899050109088420868e-03
5.715558305382728577e-03
6.754750385880470276e-03
4.750594031065702438e-03
6.680522579699754715e-03
6.754750385880470276e-03
6.309382617473602295e-03
6.977434735745191574e-03
7.274346891790628433e-03
8.165082894265651703e-03
7.497030775994062424e-03
7.497030775994062424e-03
9.204275906085968018e-03
8.387766778469085693e-03
8.461995050311088562e-03
1.054038014262914658e-02
1.091152057051658630e-02
1.113420445472002029e-02
1.499406155198812485e-02
1.670130714774131775e-02
2.004156820476055145e-02
2.605403773486614227e-02
4.038004577159881592e-02
