1.066427677869796753e-03
5.718524917028844357e-04
3.245649277232587337e-04
4.172977642156183720e-04
2.472875639796257019e-04
2.472875639796257019e-04
1.854656729847192764e-04
2.781985094770789146e-04
2.936539822258055210e-04
1.545547274872660637e-04
2.936539822258055210e-04
1.700102002359926701e-04
3.091094549745321274e-04
2.627430367283523083e-04
3.245649277232587337e-04
3.400204004719853401e-04
2.936539822258055210e-04
4.482087097130715847e-04
4.482087097130715847e-04
6.800408009439706802e-04
4.018422914668917656e-04
5.100306007079780102e-04
6.645853281952440739e-04
5.718524917028844357e-04
5.873079644516110420e-04
6.800408009439706802e-04
8.036845829337835312e-04
7.264072191901504993e-04
7.418626919388771057e-04
9.736947831697762012e-04
1.081883092410862446e-03
1.251893350854516029e-03
9.427838376723229885e-04
1.004605786874890327e-03
1.251893350854516029e-03
1.313715241849422455e-03
1.514636329375207424e-03
1.514636329375207424e-03
1.282804296351969242e-03
1.761923893354833126e-03
1.437359023839235306e-03
1.777379424311220646e-03
1.622824696823954582e-03
1.777379424311220646e-03
1.993756042793393135e-03
1.901023206301033497e-03
2.055577933788299561e-03
2.086488762870430946e-03
2.519241999834775925e-03
2.426509279757738113e-03
2.380142919719219208e-03
2.720163203775882721e-03
2.611974952742457390e-03
2.318321028724312782e-03
2.812896156683564186e-03
2.565608592703938484e-03
3.091094549745321274e-03
3.122005611658096313e-03
3.832957241684198380e-03
3.678402630612254143e-03
4.111155867576599121e-03
4.281166009604930878e-03
4.188433289527893066e-03
4.312077071517705917e-03
4.822107497602701187e-03
4.729374777525663376e-03
5.347593687474727631e-03
4.868473857641220093e-03
5.563970189541578293e-03
6.305832881480455399e-03
6.599486805498600006e-03
7.047695573419332504e-03
7.820469327270984650e-03
8.191400207579135895e-03
8.407777175307273865e-03
8.361410349607467651e-03
9.366016834974288940e-03
1.040153298527002335e-02
1.148341596126556396e-02
1.214800123125314713e-02
1.237983349710702896e-02
1.420357916504144669e-02
1.534728426486253738e-02
1.664554327726364136e-02
1.656826771795749664e-02
1.760378293693065643e-02
1.780470460653305054e-02
1.969027146697044373e-02
2.148310653865337372e-02
2.358505129814147949e-02
2.489876747131347656e-02
2.961268648505210876e-02
3.574850782752037048e-02
4.636641964316368103e-02
6.610305607318878174e-02
9.851318597793579102e-02
1.311706006526947021e-01
1.007851362228393555e-01
5.747890472412109375e-02
1.998392678797245026e-02
