6.559731066226959229e-02
5.289960652589797974e-02
5.621985346078872681e-02
6.828939914703369141e-02
5.814918503165245056e-02
4.291643202304840088e-02
3.625350445508956909e-02
2.815479598939418793e-02
2.279304526746273041e-02
2.167133986949920654e-02
2.086371369659900665e-02
1.837352849543094635e-02
1.642176136374473572e-02
1.521031931042671204e-02
1.460459921509027481e-02
1.431295555084943771e-02
1.581604033708572388e-02
1.460459921509027481e-02
1.363993249833583832e-02
1.238362304866313934e-02
1.269770041108131409e-02
1.148625928908586502e-02
1.083566993474960327e-02
1.036455389112234116e-02
1.083566993474960327e-02
1.070106588304042816e-02
1.065619755536317825e-02
9.646662510931491852e-03
9.556926786899566650e-03
9.220414794981479645e-03
9.040942415595054626e-03
9.669097140431404114e-03
8.524958044290542603e-03
7.178911939263343811e-03
7.627593819051980972e-03
8.053842000663280487e-03
7.268648128956556320e-03
7.178911939263343811e-03
7.066741585731506348e-03
6.887268740683794022e-03
6.281548179686069489e-03
6.483454722911119461e-03
6.057207006961107254e-03
5.204711109399795532e-03
5.384183954447507858e-03
5.406618118286132812e-03
4.980369936674833298e-03
5.316881462931632996e-03
5.451486445963382721e-03
4.845765419304370880e-03
4.823331255465745926e-03
4.262479022145271301e-03
4.464386031031608582e-03
4.352215211838483810e-03
4.778463393449783325e-03
4.217610694468021393e-03
3.836231073364615440e-03
4.240044858306646347e-03
3.409983124583959579e-03
3.903533332049846649e-03
3.925967495888471603e-03
4.419517703354358673e-03
3.522153710946440697e-03
3.320246702060103416e-03
3.611890133470296860e-03
3.589455969631671906e-03
3.409983124583959579e-03
3.993269987404346466e-03
3.118339926004409790e-03
2.893998986110091209e-03
3.387548960745334625e-03
3.387548960745334625e-03
3.252944443374872208e-03
3.051037667319178581e-03
3.297812771052122116e-03
2.961301244795322418e-03
2.714526141062378883e-03
2.512619132176041603e-03
2.669657813385128975e-03
2.198541769757866859e-03
2.669657813385128975e-03
2.445316873490810394e-03
2.198541769757866859e-03
2.579921390861272812e-03
2.512619132176041603e-03
2.176107605919241905e-03
2.445316873490810394e-03
2.355580450966954231e-03
1.862030243501067162e-03
2.422882709652185440e-03
1.951766666024923325e-03
2.019068924710154533e-03
2.378014614805579185e-03
1.772293937392532825e-03
2.220975933596491814e-03
1.817162032239139080e-03
1.503084669820964336e-03
1.839596196077764034e-03
2.131239511072635651e-03
2.086371183395385742e-03
