2.028651982545852661e-01
4.334916919469833374e-02
2.976544015109539032e-02
2.330760098993778229e-02
2.122921682894229889e-02
1.677553355693817139e-02
1.469714939594268799e-02
1.313836127519607544e-02
1.172802876681089401e-02
1.105997618287801743e-02
1.105997618287801743e-02
8.610451593995094299e-03
9.130047634243965149e-03
9.872327558696269989e-03
7.497030775994062424e-03
7.868170738220214844e-03
6.903206463903188705e-03
7.497030775994062424e-03
6.383610423654317856e-03
6.532066501677036285e-03
5.344417877495288849e-03
5.121733993291854858e-03
4.527909681200981140e-03
5.715558305382728577e-03
4.973277915269136429e-03
5.195961799472570419e-03
4.453681875020265579e-03
4.899050109088420868e-03
4.008313640952110291e-03
4.527909681200981140e-03
4.602137953042984009e-03
4.676365759223699570e-03
5.567102227360010147e-03
3.488717367872595787e-03
4.156769718974828720e-03
3.859857562929391861e-03
4.750594031065702438e-03
4.750594031065702438e-03
4.082541447132825851e-03
4.379453603178262711e-03
4.676365759223699570e-03
4.527909681200981140e-03
4.527909681200981140e-03
4.527909681200981140e-03
3.488717367872595787e-03
4.379453603178262711e-03
3.934085369110107422e-03
3.637173445895314217e-03
3.711401484906673431e-03
4.602137953042984009e-03
3.934085369110107422e-03
4.230997525155544281e-03
4.676365759223699570e-03
4.527909681200981140e-03
4.082541447132825851e-03
4.973277915269136429e-03
4.453681875020265579e-03
4.379453603178262711e-03
4.750594031065702438e-03
4.453681875020265579e-03
3.488717367872595787e-03
3.859857562929391861e-03
4.305225796997547150e-03
4.156769718974828720e-03
4.973277915269136429e-03
5.270190071314573288e-03
5.567102227360010147e-03
4.453681875020265579e-03
4.230997525155544281e-03
4.379453603178262711e-03
5.492873955518007278e-03
7.125890813767910004e-03
4.824821837246417999e-03
4.230997525155544281e-03
4.676365759223699570e-03
5.270190071314573288e-03
6.012470461428165436e-03
6.309382617473602295e-03
6.160926539450883865e-03
4.899050109088420868e-03
5.789786111563444138e-03
5.789786111563444138e-03
6.977434735745191574e-03
5.344417877495288849e-03
5.864014383405447006e-03
7.125890813767910004e-03
8.536223322153091431e-03
8.387766778469085693e-03
6.754750385880470276e-03
6.828978657722473145e-03
7.422802969813346863e-03
1.009501144289970398e-02
1.068883575499057770e-02
1.076306402683258057e-02
1.395486947149038315e-02
1.462292205542325974e-02
1.781472750008106232e-02
2.026425115764141083e-02
2.672209031879901886e-02
5.173693597316741943e-02
