2.272525727748870850e-01
7.763928920030593872e-02
5.108626186847686768e-02
3.630720824003219604e-02
2.950884215533733368e-02
2.640524134039878845e-02
2.364648506045341492e-02
1.867086999118328094e-02
1.734075509011745453e-02
1.610916852951049805e-02
1.389230974018573761e-02
1.330114807933568954e-02
1.142913475632667542e-02
1.059165503829717636e-02
9.212276898324489594e-03
1.049312762916088104e-02
9.803438559174537659e-03
7.438790053129196167e-03
8.571851067245006561e-03
7.537316996604204178e-03
7.389526348561048508e-03
6.749100983142852783e-03
5.862357560545206070e-03
6.157938856631517410e-03
7.044681813567876816e-03
6.108675152063369751e-03
6.256465800106525421e-03
5.320459138602018356e-03
5.714567378163337708e-03
6.010148208588361740e-03
5.418986082077026367e-03
4.827823955565690994e-03
5.172668490558862686e-03
4.975614603608846664e-03
4.236661829054355621e-03
5.074141547083854675e-03
4.384452477097511292e-03
4.581506364047527313e-03
4.335188772529363632e-03
4.335188772529363632e-03
4.088871181011199951e-03
4.433715716004371643e-03
4.335188772529363632e-03
3.941080998629331589e-03
4.138134885579347610e-03
3.349918639287352562e-03
4.778560716658830643e-03
3.891817294061183929e-03
3.842553822323679924e-03
4.088871181011199951e-03
3.103601047769188881e-03
4.187398590147495270e-03
2.955810632556676865e-03
3.645499702543020248e-03
3.103601047769188881e-03
3.300655167549848557e-03
3.202128224074840546e-03
3.349918639287352562e-03
3.399182111024856567e-03
3.399182111024856567e-03
3.842553822323679924e-03
4.433715716004371643e-03
4.285925533622503281e-03
3.694763174280524254e-03
3.399182111024856567e-03
4.778560716658830643e-03
2.955810632556676865e-03
3.054337576031684875e-03
3.349918639287352562e-03
3.300655167549848557e-03
3.300655167549848557e-03
3.891817294061183929e-03
3.842553822323679924e-03
3.202128224074840546e-03
3.596236230805516243e-03
3.448445815593004227e-03
3.793290350586175919e-03
3.300655167549848557e-03
3.891817294061183929e-03
4.581506364047527313e-03
4.187398590147495270e-03
4.187398590147495270e-03
3.300655167549848557e-03
4.482979420572519302e-03
4.039607942104339600e-03
4.039607942104339600e-03
4.285925533622503281e-03
4.827823955565690994e-03
5.024877842515707016e-03
4.138134885579347610e-03
5.468249786645174026e-03
5.616039969027042389e-03
5.665303673595190048e-03
5.616039969027042389e-03
6.699837278574705124e-03
5.813094321638345718e-03
6.946154870092868805e-03
7.586580701172351837e-03
8.965958841145038605e-03
1.443420816212892532e-02
