2.928109765052795410e-01
8.885298669338226318e-02
4.644588008522987366e-02
3.957996889948844910e-02
2.746365033090114594e-02
2.261712402105331421e-02
1.938610710203647614e-02
1.575121097266674042e-02
1.130856201052665710e-02
1.413570251315832138e-02
1.373182516545057297e-02
8.885298855602741241e-03
8.885298855602741241e-03
1.171243935823440552e-02
9.289176203310489655e-03
8.885298855602741241e-03
6.462035700678825378e-03
4.442649427801370621e-03
6.865912582725286484e-03
6.462035700678825378e-03
5.250403657555580139e-03
8.885298855602741241e-03
6.058158352971076965e-03
5.654281005263328552e-03
4.846526775509119034e-03
4.038772080093622208e-03
4.038772080093622208e-03
5.250403657555580139e-03
4.846526775509119034e-03
4.038772080093622208e-03
5.654281005263328552e-03
5.654281005263328552e-03
4.038772080093622208e-03
4.038772080093622208e-03
1.615508925169706345e-03
2.019386040046811104e-03
3.231017850339412689e-03
4.038772080093622208e-03
5.654281005263328552e-03
2.019386040046811104e-03
8.077544160187244415e-03
3.634894965216517448e-03
4.038772080093622208e-03
8.077544625848531723e-04
2.827140502631664276e-03
2.827140502631664276e-03
2.019386040046811104e-03
3.231017850339412689e-03
2.827140502631664276e-03
4.442649427801370621e-03
3.634894965216517448e-03
1.615508925169706345e-03
3.634894965216517448e-03
1.615508925169706345e-03
2.423263387754559517e-03
2.827140502631664276e-03
2.827140502631664276e-03
5.654281005263328552e-03
3.634894965216517448e-03
2.423263387754559517e-03
4.038772312924265862e-04
1.211631693877279758e-03
2.019386040046811104e-03
3.231017850339412689e-03
2.827140502631664276e-03
1.615508925169706345e-03
2.423263387754559517e-03
4.038772080093622208e-03
3.634894965216517448e-03
2.019386040046811104e-03
3.231017850339412689e-03
3.231017850339412689e-03
2.423263387754559517e-03
4.038772080093622208e-03
2.827140502631664276e-03
8.077544625848531723e-04
2.827140502631664276e-03
2.423263387754559517e-03
2.827140502631664276e-03
2.423263387754559517e-03
4.442649427801370621e-03
3.231017850339412689e-03
4.846526775509119034e-03
2.423263387754559517e-03
3.634894965216517448e-03
1.615508925169706345e-03
3.231017850339412689e-03
4.038772080093622208e-03
6.058158352971076965e-03
5.250403657555580139e-03
2.827140502631664276e-03
6.058158352971076965e-03
4.442649427801370621e-03
3.634894965216517448e-03
5.250403657555580139e-03
4.442649427801370621e-03
9.289176203310489655e-03
1.171243935823440552e-02
1.534733455628156662e-02
2.786752767860889435e-02
