7.801060378551483154e-02
6.027518212795257568e-02
4.613734036684036255e-02
4.152991622686386108e-02
3.269376605749130249e-02
2.701338008046150208e-02
2.474122680723667145e-02
2.347891964018344879e-02
2.234284207224845886e-02
1.981822773814201355e-02
2.133299596607685089e-02
1.855592057108879089e-02
1.577884331345558167e-02
1.653622835874557495e-02
1.596819050610065460e-02
1.527392119169235229e-02
1.457965187728404999e-02
1.388538256287574768e-02
1.426407508552074432e-02
1.394849829375743866e-02
1.325422897934913635e-02
1.180257555097341537e-02
1.255995966494083405e-02
1.218126714229583740e-02
1.060338318347930908e-02
1.117142103612422943e-02
9.341075085103511810e-03
9.593537077307701111e-03
8.331229910254478455e-03
8.899267762899398804e-03
8.836152032017707825e-03
7.068921811878681183e-03
6.627114489674568176e-03
7.384499069303274155e-03
7.763191126286983490e-03
8.520575240254402161e-03
7.258268073201179504e-03
7.068921811878681183e-03
6.248421967029571533e-03
5.995960440486669540e-03
6.374652963131666183e-03
6.122191436588764191e-03
6.753345020115375519e-03
5.238576326519250870e-03
6.185306701809167862e-03
6.500883493572473526e-03
5.554153118282556534e-03
5.427922122180461884e-03
6.563998758792877197e-03
6.500883493572473526e-03
6.374652963131666183e-03
5.869729910045862198e-03
6.311537697911262512e-03
6.122191436588764191e-03
6.374652963131666183e-03
4.796768538653850555e-03
6.563998758792877197e-03
5.743498913943767548e-03
5.680383648723363876e-03
5.554153118282556534e-03
5.427922122180461884e-03
5.049230065196752548e-03
6.248421967029571533e-03
4.859883803874254227e-03
4.859883803874254227e-03
5.112345330417156219e-03
4.039383959025144577e-03
5.175460595637559891e-03
4.796768538653850555e-03
4.544307012110948563e-03
4.796768538653850555e-03
4.102499224245548248e-03
3.850037930533289909e-03
4.859883803874254227e-03
4.291845485568046570e-03
4.859883803874254227e-03
4.418076016008853912e-03
3.408230142667889595e-03
4.039383959025144577e-03
3.660691669210791588e-03
3.913153428584337234e-03
4.291845485568046570e-03
2.209038008004426956e-03
4.228730220347642899e-03
3.723807167261838913e-03
4.291845485568046570e-03
3.408230142667889595e-03
3.092653350904583931e-03
4.418076016008853912e-03
3.723807167261838913e-03
3.092653350904583931e-03
2.966422587633132935e-03
3.218884114176034927e-03
3.534460905939340591e-03
3.723807167261838913e-03
4.165614955127239227e-03
3.660691669210791588e-03
2.650845795869827271e-03
3.471345640718936920e-03
2.524615032598376274e-03
