3.304725885391235352e-02
7.370587438344955444e-02
6.865752488374710083e-02
5.654149502515792847e-02
5.094947665929794312e-02
4.353228956460952759e-02
3.995961323380470276e-02
3.545493260025978088e-02
3.289192542433738708e-02
3.075608797371387482e-02
2.850374765694141388e-02
2.679507620632648468e-02
2.361073344945907593e-02
2.248456329107284546e-02
2.058172412216663361e-02
2.050405740737915039e-02
1.871771924197673798e-02
1.856238581240177155e-02
1.506737619638442993e-02
1.658187992870807648e-02
1.312570367008447647e-02
1.207720115780830383e-02
1.098986435681581497e-02
1.122286543250083923e-02
1.013552863150835037e-02
1.040736306458711624e-02
8.543357253074645996e-03
8.854025043547153473e-03
9.708360768854618073e-03
9.786027483642101288e-03
7.766688708215951920e-03
7.067686878144741058e-03
6.873519625514745712e-03
6.757019087672233582e-03
6.912352982908487320e-03
6.485185120254755020e-03
5.825016647577285767e-03
5.902683362364768982e-03
6.329851225018501282e-03
4.776513669639825821e-03
4.893013741821050644e-03
5.164848174899816513e-03
5.980350077152252197e-03
4.970680922269821167e-03
5.009514279663562775e-03
5.708516109734773636e-03
4.970680922269821167e-03
4.931847099214792252e-03
4.194011911749839783e-03
4.660013131797313690e-03
4.388179164379835129e-03
4.931847099214792252e-03
4.427012521773576736e-03
3.689177101477980614e-03
4.349345806986093521e-03
4.232845269143581390e-03
3.961011301726102829e-03
3.689177101477980614e-03
3.533843439072370529e-03
3.339676186442375183e-03
3.029008628800511360e-03
3.145508933812379837e-03
3.611510153859853745e-03
3.029008628800511360e-03
2.524173818528652191e-03
2.485340461134910583e-03
2.252339618280529976e-03
2.718341071158647537e-03
1.786338398233056068e-03
2.174672903493046761e-03
1.825171872042119503e-03
2.097005955874919891e-03
1.475670840591192245e-03
1.864005229435861111e-03
2.135839313268661499e-03
1.825171872042119503e-03
1.864005229435861111e-03
1.320337061770260334e-03
1.941672177053987980e-03
1.514504314400255680e-03
1.398004009388387203e-03
8.931691991165280342e-04
1.203836756758391857e-03
1.203836756758391857e-03
9.708360885269939899e-04
1.048502977937459946e-03
9.708360885269939899e-04
8.543357253074645996e-04
1.320337061770260334e-03
9.708360885269939899e-04
6.601685308851301670e-04
5.825016414746642113e-04
1.126169809140264988e-03
3.883344470523297787e-04
6.990020046941936016e-04
5.825016414746642113e-04
8.155023097060620785e-04
8.931691991165280342e-04
5.436682258732616901e-04
7.766688941046595573e-04
