4.060313478112220764e-02
7.781610637903213501e-02
8.465556055307388306e-02
8.339411020278930664e-02
7.452449202537536621e-02
6.250122934579849243e-02
5.274465307593345642e-02
4.391445592045783997e-02
3.906573355197906494e-02
3.386222571134567261e-02
2.913176268339157104e-02
2.585986070334911346e-02
2.203607000410556793e-02
2.049866877496242523e-02
1.939489506185054779e-02
1.679314114153385162e-02
1.497979741543531418e-02
1.383660174906253815e-02
1.245688367635011673e-02
1.208238862454891205e-02
1.093919388949871063e-02
9.441214613616466522e-03
9.401793591678142548e-03
8.022075518965721130e-03
7.962944917380809784e-03
7.549029309302568436e-03
6.405834108591079712e-03
6.189021281898021698e-03
6.583226379007101059e-03
5.656844470649957657e-03
5.775106139481067657e-03
4.395387601107358932e-03
4.612200427800416946e-03
4.434808157384395599e-03
4.020893014967441559e-03
4.395387601107358932e-03
3.902631346136331558e-03
3.291613189503550529e-03
3.942051902413368225e-03
3.311323467642068863e-03
3.153641475364565849e-03
3.094510640949010849e-03
2.877697814255952835e-03
2.306100213900208473e-03
2.345520770177245140e-03
2.345520770177245140e-03
2.148418221622705460e-03
2.286390168592333794e-03
2.345520770177245140e-03
2.483492717146873474e-03
2.365231048315763474e-03
1.971025951206684113e-03
1.813343842513859272e-03
1.675372011959552765e-03
2.266679890453815460e-03
1.773923286236822605e-03
1.990736229345202446e-03
1.734502846375107765e-03
1.813343842513859272e-03
1.655661733821034431e-03
1.635951455682516098e-03
1.576820737682282925e-03
1.695082290098071098e-03
1.695082290098071098e-03
1.557110459543764591e-03
1.754213124513626099e-03
1.596531015820801258e-03
1.517689903266727924e-03
9.855129756033420563e-04
1.793633564375340939e-03
1.537400181405246258e-03
1.892184838652610779e-03
1.813343842513859272e-03
1.596531015820801258e-03
1.379718189127743244e-03
1.419138628989458084e-03
1.162905246019363403e-03
1.734502846375107765e-03
1.419138628989458084e-03
1.182615524157881737e-03
1.497979741543531418e-03
1.123484806157648563e-03
1.379718189127743244e-03
1.714792568236589432e-03
9.066719212569296360e-04
1.005223253741860390e-03
1.222036080434918404e-03
9.066719212569296360e-04
1.084064249880611897e-03
7.687000907026231289e-04
8.081206469796597958e-04
8.278308669105172157e-04
5.124667659401893616e-04
9.855129756033420563e-04
8.081206469796597958e-04
7.884103688411414623e-04
7.884103688411414623e-04
1.024933531880378723e-03
1.300877076573669910e-03
4.769882652908563614e-03
