6.158211454749107361e-02
5.081049725413322449e-02
4.510942474007606506e-02
3.988124802708625793e-02
3.494206815958023071e-02
3.005543351173400879e-02
2.803247235715389252e-02
2.556288242340087891e-02
2.435435913503170013e-02
2.204240299761295319e-02
1.854819618165493011e-02
1.886346377432346344e-02
1.807529665529727936e-02
1.757612451910972595e-02
1.571079529821872711e-02
1.347765512764453888e-02
1.426582224667072296e-02
1.350392773747444153e-02
1.410818938165903091e-02
1.308357156813144684e-02
1.253185514360666275e-02
1.171741541475057602e-02
1.171741541475057602e-02
1.079788804054260254e-02
1.071907114237546921e-02
1.048262137919664383e-02
1.008853781968355179e-02
9.090192615985870361e-03
7.934214547276496887e-03
9.011375717818737030e-03
8.880014531314373016e-03
7.618947420269250870e-03
8.065575733780860901e-03
8.249481208622455597e-03
7.934214547276496887e-03
7.592675276100635529e-03
7.067230530083179474e-03
7.093502674251794815e-03
6.883325055241584778e-03
6.515513639897108078e-03
6.594330538064241409e-03
7.198591716587543488e-03
6.489241495728492737e-03
6.357880309224128723e-03
6.699419580399990082e-03
5.674802232533693314e-03
6.410424597561359406e-03
6.489241495728492737e-03
5.727346986532211304e-03
5.858707707375288010e-03
5.201902240514755249e-03
6.042613647878170013e-03
5.674802232533693314e-03
5.464624613523483276e-03
4.912907723337411880e-03
5.701074376702308655e-03
5.149357486516237259e-03
4.991724155843257904e-03
5.385807715356349945e-03
5.017996300011873245e-03
4.256101790815591812e-03
4.781546536833047867e-03
5.149357486516237259e-03
4.886635113507509232e-03
4.650185350328683853e-03
5.280718673020601273e-03
4.597640596330165863e-03
4.886635113507509232e-03
4.571368452161550522e-03
4.466279409825801849e-03
4.729001782834529877e-03
4.203557036817073822e-03
4.676457494497299194e-03
4.177284892648458481e-03
3.993379417806863785e-03
4.492552019655704498e-03
4.177284892648458481e-03
4.334918223321437836e-03
4.229829646646976471e-03
4.623913206160068512e-03
4.440007265657186508e-03
3.835746087133884430e-03
4.571368452161550522e-03
4.229829646646976471e-03
4.124740604311227798e-03
4.781546536833047867e-03
4.177284892648458481e-03
3.993379417806863785e-03
3.625568235293030739e-03
4.256101790815591812e-03
3.835746087133884430e-03
4.256101790815591812e-03
3.704384900629520416e-03
3.888290375471115112e-03
4.361190833151340485e-03
4.702729638665914536e-03
4.807818681001663208e-03
5.569713190197944641e-03
6.410424597561359406e-03
8.643564768135547638e-03
