4.588729888200759888e-02
1.207999736070632935e-01
8.984266221523284912e-02
6.873048841953277588e-02
5.913263931870460510e-02
4.939569160342216492e-02
4.234799370169639587e-02
3.661401569843292236e-02
3.343018889427185059e-02
2.761892974376678467e-02
2.233315818011760712e-02
2.162220701575279236e-02
1.998392678797245026e-02
1.761923916637897491e-02
1.701647602021694183e-02
1.557911653071641922e-02
1.446632295846939087e-02
1.258075516670942307e-02
1.151432748883962631e-02
1.095793023705482483e-02
1.030880026519298553e-02
9.922413155436515808e-03
9.752403013408184052e-03
9.721492417156696320e-03
8.886897005140781403e-03
8.206856437027454376e-03
7.665914483368396759e-03
7.186794653534889221e-03
6.537665147334337234e-03
6.599486805498600006e-03
6.491298787295818329e-03
5.950356833636760712e-03
5.656702909618616104e-03
5.548514891415834427e-03
5.610336549580097198e-03
5.332137923687696457e-03
5.363048985600471497e-03
4.760285839438438416e-03
4.775741137564182281e-03
4.482087213546037674e-03
4.142066929489374161e-03
4.203888587653636932e-03
4.126611165702342987e-03
4.095700103789567947e-03
3.832957241684198380e-03
3.910234663635492325e-03
3.554758848622441292e-03
3.662947099655866623e-03
3.183827502653002739e-03
3.152916440740227699e-03
3.508392255753278732e-03
2.843806985765695572e-03
2.859262516722083092e-03
2.905628876760601997e-03
2.751074265688657761e-03
2.874718047678470612e-03
2.411053748801350594e-03
2.921084407716989517e-03
2.534697530791163445e-03
2.689252374693751335e-03
2.364687388762831688e-03
2.658341312780976295e-03
2.534697530791163445e-03
2.488331170752644539e-03
2.302865497767925262e-03
2.024666871875524521e-03
2.040122402831912041e-03
1.885567675344645977e-03
1.731012947857379913e-03
1.839201315306127071e-03
1.993756042793393135e-03
1.669191056862473488e-03
1.761923893354833126e-03
1.823745784349739552e-03
1.808290369808673859e-03
1.298259710893034935e-03
1.653735642321407795e-03
1.406448078341782093e-03
1.622824696823954582e-03
1.097338623367249966e-03
1.313715241849422455e-03
1.298259710893034935e-03
1.190071459859609604e-03
1.251893350854516029e-03
7.418626919388771057e-04
1.050972146913409233e-03
9.427838376723229885e-04
1.097338623367249966e-03
7.418626919388771057e-04
1.035516732372343540e-03
8.345955284312367439e-04
7.573181646876037121e-04
9.118728921748697758e-04
6.027634372003376484e-04
5.873079644516110420e-04
5.718524917028844357e-04
5.254860734567046165e-04
6.954962736926972866e-04
5.873079644516110420e-04
2.859262516722083092e-03
