8.872686326503753662e-02
6.817723065614700317e-02
4.841278865933418274e-02
4.089736565947532654e-02
3.623107075691223145e-02
3.347167745232582092e-02
2.954570949077606201e-02
2.954570949077606201e-02
2.465507574379444122e-02
2.373527735471725464e-02
2.001121640205383301e-02
1.841839589178562164e-02
1.844082958996295929e-02
1.711721904575824738e-02
1.588334329426288605e-02
1.521031931042671204e-02
1.301177777349948883e-02
1.332585513591766357e-02
1.191250700503587723e-02
1.175546832382678986e-02
1.101514324545860291e-02
1.074593421071767807e-02
8.996074087917804718e-03
9.938306175172328949e-03
1.011777948588132858e-02
9.826135821640491486e-03
7.896803319454193115e-03
8.412787690758705139e-03
8.457656018435955048e-03
7.380818948149681091e-03
7.784632500261068344e-03
7.358384784311056137e-03
6.977004930377006531e-03
6.730230059474706650e-03
6.281548179686069489e-03
6.550757214426994324e-03
7.448120974004268646e-03
6.416152697056531906e-03
6.326416041702032089e-03
5.743129644542932510e-03
5.832865834236145020e-03
5.922602489590644836e-03
6.057207006961107254e-03
6.573191378265619278e-03
5.922602489590644836e-03
5.473920144140720367e-03
5.563656799495220184e-03
5.429052282124757767e-03
5.451486445963382721e-03
5.967470351606607437e-03
5.137409083545207977e-03
6.057207006961107254e-03
5.272013600915670395e-03
5.182276945561170578e-03
5.182276945561170578e-03
5.182276945561170578e-03
5.249579437077045441e-03
4.688726738095283508e-03
5.092540755867958069e-03
4.957936238497495651e-03
4.643858876079320908e-03
4.150308668613433838e-03
4.374649375677108765e-03
4.307347349822521210e-03
4.957936238497495651e-03
3.948401659727096558e-03
3.970835823565721512e-03
4.868199583142995834e-03
4.060572013258934021e-03
4.060572013258934021e-03
4.284913185983896255e-03
3.679192392155528069e-03
3.858665237203240395e-03
3.970835823565721512e-03
3.230510279536247253e-03
3.567021805793046951e-03
3.858665237203240395e-03
3.858665237203240395e-03
3.701626555994153023e-03
3.656758228316903114e-03
3.185642184689640999e-03
3.589455969631671906e-03
3.432417288422584534e-03
3.208076348528265953e-03
3.185642184689640999e-03
3.320246702060103416e-03
2.871564822271466255e-03
3.297812771052122116e-03
3.925967495888471603e-03
3.611890133470296860e-03
3.477285383269190788e-03
3.163208020851016045e-03
3.454851452261209488e-03
3.387548960745334625e-03
3.679192392155528069e-03
3.679192392155528069e-03
3.163208020851016045e-03
3.567021805793046951e-03
3.297812771052122116e-03
5.406618118286132812e-03
