2.361188977956771851e-01
7.739764451980590820e-02
5.159842967987060547e-02
3.589456155896186829e-02
2.692092023789882660e-02
2.579921483993530273e-02
2.131239511072635651e-02
1.738642714917659760e-02
1.289960741996765137e-02
1.850813254714012146e-02
1.626472175121307373e-02
1.065619755536317825e-02
1.065619755536317825e-02
7.851934991776943207e-03
1.177790202200412750e-02
7.851934991776943207e-03
6.730230059474706650e-03
1.009534485638141632e-02
7.291082292795181274e-03
9.534492157399654388e-03
7.291082292795181274e-03
6.730230059474706650e-03
8.412787690758705139e-03
5.047672428190708160e-03
4.486820194870233536e-03
6.169377360492944717e-03
4.486820194870233536e-03
2.804262563586235046e-03
8.973640389740467072e-03
5.608525127172470093e-03
5.047672428190708160e-03
6.730230059474706650e-03
2.243410097435116768e-03
2.243410097435116768e-03
3.365115029737353325e-03
2.243410097435116768e-03
2.804262563586235046e-03
4.486820194870233536e-03
6.730230059474706650e-03
1.682557514868676662e-03
3.365115029737353325e-03
2.243410097435116768e-03
1.682557514868676662e-03
5.608525127172470093e-03
2.243410097435116768e-03
3.365115029737353325e-03
4.486820194870233536e-03
2.243410097435116768e-03
6.730230059474706650e-03
3.925967495888471603e-03
3.365115029737353325e-03
2.243410097435116768e-03
3.925967495888471603e-03
3.925967495888471603e-03
3.925967495888471603e-03
2.804262563586235046e-03
2.243410097435116768e-03
2.243410097435116768e-03
3.365115029737353325e-03
2.804262563586235046e-03
3.925967495888471603e-03
5.047672428190708160e-03
4.486820194870233536e-03
2.804262563586235046e-03
3.925967495888471603e-03
5.608525127172470093e-03
3.925967495888471603e-03
2.804262563586235046e-03
1.682557514868676662e-03
4.486820194870233536e-03
3.925967495888471603e-03
3.365115029737353325e-03
3.365115029737353325e-03
5.047672428190708160e-03
2.804262563586235046e-03
2.804262563586235046e-03
7.291082292795181274e-03
1.682557514868676662e-03
7.291082292795181274e-03
2.804262563586235046e-03
7.851934991776943207e-03
5.047672428190708160e-03
5.608525127172470093e-03
3.365115029737353325e-03
3.365115029737353325e-03
6.169377360492944717e-03
3.365115029737353325e-03
7.851934991776943207e-03
4.486820194870233536e-03
6.169377360492944717e-03
3.925967495888471603e-03
8.412787690758705139e-03
6.169377360492944717e-03
7.291082292795181274e-03
7.851934991776943207e-03
9.534492157399654388e-03
7.291082292795181274e-03
1.514301728457212448e-02
5.608525127172470093e-03
9.534492157399654388e-03
