2.214215546846389771e-01
1.270881146192550659e-01
8.352439850568771362e-02
5.502784252166748047e-02
4.421880096197128296e-02
3.832296282052993774e-02
2.685882709920406342e-02
2.718637324869632721e-02
1.572224125266075134e-02
1.932525448501110077e-02
1.473960001021623611e-02
1.048149354755878448e-02
1.146413385868072510e-02
8.188666775822639465e-03
1.048149354755878448e-02
8.843760006129741669e-03
7.533573545515537262e-03
6.878480315208435059e-03
1.015394739806652069e-02
6.223386619240045547e-03
7.861120626330375671e-03
9.171307086944580078e-03
5.240746773779392242e-03
5.895840004086494446e-03
7.206026930361986160e-03
5.568293388932943344e-03
5.568293388932943344e-03
4.913200158625841141e-03
8.188666775822639465e-03
5.568293388932943344e-03
3.275466850027441978e-03
6.550933700054883957e-03
4.258106928318738937e-03
3.603013465180993080e-03
3.275466850027441978e-03
2.620373386889696121e-03
5.240746773779392242e-03
4.913200158625841141e-03
2.947920002043247223e-03
2.292826771736145020e-03
3.930560313165187836e-03
4.913200158625841141e-03
2.620373386889696121e-03
2.947920002043247223e-03
2.292826771736145020e-03
2.620373386889696121e-03
1.965280156582593918e-03
2.292826771736145020e-03
3.930560313165187836e-03
1.637733425013720989e-03
2.292826771736145020e-03
4.913200158625841141e-03
2.292826771736145020e-03
3.930560313165187836e-03
3.275466850027441978e-03
3.275466850027441978e-03
2.947920002043247223e-03
1.637733425013720989e-03
1.310186693444848061e-03
1.637733425013720989e-03
2.947920002043247223e-03
1.965280156582593918e-03
3.930560313165187836e-03
1.965280156582593918e-03
3.930560313165187836e-03
9.826400782912969589e-04
2.292826771736145020e-03
1.637733425013720989e-03
2.620373386889696121e-03
1.637733425013720989e-03
1.965280156582593918e-03
9.826400782912969589e-04
3.930560313165187836e-03
1.310186693444848061e-03
2.620373386889696121e-03
9.826400782912969589e-04
1.637733425013720989e-03
3.275466850027441978e-03
1.965280156582593918e-03
2.292826771736145020e-03
1.637733425013720989e-03
1.637733425013720989e-03
1.637733425013720989e-03
1.965280156582593918e-03
4.258106928318738937e-03
2.292826771736145020e-03
2.620373386889696121e-03
2.292826771736145020e-03
2.292826771736145020e-03
2.292826771736145020e-03
1.310186693444848061e-03
2.620373386889696121e-03
9.826400782912969589e-04
1.637733425013720989e-03
1.310186693444848061e-03
1.310186693444848061e-03
3.275466850027441978e-03
1.965280156582593918e-03
1.965280156582593918e-03
1.310186693444848061e-03
