2.703309059143066406e-01
8.693213760852813721e-02
4.711160808801651001e-02
3.813796862959861755e-02
4.094223305583000183e-02
1.962983794510364532e-02
2.299495227634906769e-02
1.738642714917659760e-02
9.534492157399654388e-03
1.233875472098588943e-02
9.534492157399654388e-03
1.009534485638141632e-02
8.973640389740467072e-03
7.291082292795181274e-03
8.412787690758705139e-03
9.534492157399654388e-03
6.730230059474706650e-03
4.486820194870233536e-03
5.608525127172470093e-03
2.804262563586235046e-03
2.243410097435116768e-03
2.804262563586235046e-03
2.243410097435116768e-03
5.047672428190708160e-03
2.804262563586235046e-03
4.486820194870233536e-03
2.243410097435116768e-03
2.243410097435116768e-03
3.925967495888471603e-03
4.486820194870233536e-03
8.412787690758705139e-03
5.047672428190708160e-03
3.925967495888471603e-03
2.804262563586235046e-03
5.047672428190708160e-03
5.047672428190708160e-03
2.804262563586235046e-03
3.365115029737353325e-03
2.243410097435116768e-03
3.925967495888471603e-03
2.804262563586235046e-03
5.047672428190708160e-03
2.804262563586235046e-03
4.486820194870233536e-03
3.925967495888471603e-03
6.730230059474706650e-03
3.925967495888471603e-03
2.804262563586235046e-03
3.925967495888471603e-03
1.682557514868676662e-03
1.682557514868676662e-03
2.243410097435116768e-03
2.804262563586235046e-03
4.486820194870233536e-03
8.973640389740467072e-03
2.243410097435116768e-03
2.804262563586235046e-03
2.243410097435116768e-03
2.804262563586235046e-03
1.121705048717558384e-03
3.365115029737353325e-03
1.682557514868676662e-03
5.608525243587791920e-04
2.243410097435116768e-03
2.243410097435116768e-03
3.365115029737353325e-03
1.682557514868676662e-03
2.804262563586235046e-03
2.804262563586235046e-03
3.925967495888471603e-03
3.365115029737353325e-03
2.804262563586235046e-03
3.365115029737353325e-03
2.243410097435116768e-03
2.804262563586235046e-03
7.851934991776943207e-03
3.925967495888471603e-03
8.412787690758705139e-03
2.243410097435116768e-03
2.804262563586235046e-03
3.365115029737353325e-03
5.608525243587791920e-04
1.121705048717558384e-03
2.804262563586235046e-03
2.804262563586235046e-03
6.730230059474706650e-03
5.608525127172470093e-03
6.730230059474706650e-03
7.291082292795181274e-03
7.291082292795181274e-03
7.851934991776943207e-03
7.851934991776943207e-03
2.804262563586235046e-03
5.047672428190708160e-03
7.851934991776943207e-03
7.851934991776943207e-03
1.233875472098588943e-02
1.346046011894941330e-02
1.514301728457212448e-02
2.748177200555801392e-02
