2.882410883903503418e-01
1.136586964130401611e-01
6.976744532585144043e-02
4.945954680442810059e-02
3.603013604879379272e-02
2.554864063858985901e-02
2.423845417797565460e-02
1.965280063450336456e-02
1.998034678399562836e-02
1.670487970113754272e-02
1.080904062837362289e-02
1.211922708898782730e-02
1.506714709103107452e-02
1.080904062837362289e-02
8.188666775822639465e-03
7.533573545515537262e-03
6.550933700054883957e-03
6.550933700054883957e-03
5.895840004086494446e-03
6.550933700054883957e-03
6.878480315208435059e-03
6.550933700054883957e-03
3.930560313165187836e-03
2.947920002043247223e-03
4.258106928318738937e-03
2.947920002043247223e-03
5.568293388932943344e-03
4.258106928318738937e-03
4.913200158625841141e-03
4.585653543472290039e-03
4.258106928318738937e-03
9.826400782912969589e-04
5.568293388932943344e-03
3.603013465180993080e-03
2.292826771736145020e-03
3.275466850027441978e-03
3.603013465180993080e-03
2.292826771736145020e-03
3.275466850027441978e-03
3.603013465180993080e-03
2.292826771736145020e-03
3.930560313165187836e-03
1.637733425013720989e-03
2.292826771736145020e-03
4.585653543472290039e-03
2.292826771736145020e-03
2.292826771736145020e-03
3.275466850027441978e-03
2.292826771736145020e-03
1.637733425013720989e-03
3.275466850027441978e-03
1.637733425013720989e-03
9.826400782912969589e-04
2.292826771736145020e-03
2.620373386889696121e-03
3.275466850027441978e-03
1.965280156582593918e-03
4.258106928318738937e-03
9.826400782912969589e-04
3.275466850027441978e-03
3.930560313165187836e-03
6.550933467224240303e-04
9.826400782912969589e-04
3.930560313165187836e-03
2.292826771736145020e-03
2.947920002043247223e-03
2.292826771736145020e-03
2.947920002043247223e-03
4.258106928318738937e-03
2.620373386889696121e-03
1.637733425013720989e-03
2.292826771736145020e-03
1.637733425013720989e-03
1.637733425013720989e-03
2.620373386889696121e-03
3.275466850027441978e-03
3.930560313165187836e-03
1.965280156582593918e-03
1.310186693444848061e-03
3.275466850027441978e-03
1.637733425013720989e-03
1.310186693444848061e-03
3.275466850027441978e-03
2.947920002043247223e-03
3.603013465180993080e-03
1.965280156582593918e-03
2.292826771736145020e-03
1.637733425013720989e-03
3.930560313165187836e-03
2.292826771736145020e-03
4.258106928318738937e-03
3.930560313165187836e-03
4.913200158625841141e-03
5.240746773779392242e-03
4.258106928318738937e-03
3.603013465180993080e-03
3.275466850027441978e-03
4.585653543472290039e-03
1.965280156582593918e-03
4.585653543472290039e-03
