3.138126134872436523e-01
7.189014554023742676e-02
5.613893270492553711e-02
3.634895011782646179e-02
2.544426545500755310e-02
2.100161463022232056e-02
1.615508832037448883e-02
2.019386179745197296e-02
1.453957986086606979e-02
1.655896566808223724e-02
1.009693089872598648e-02
1.292407140135765076e-02
8.077544160187244415e-03
8.885298855602741241e-03
1.130856201052665710e-02
6.058158352971076965e-03
8.077544160187244415e-03
6.462035700678825378e-03
6.058158352971076965e-03
6.058158352971076965e-03
4.038772080093622208e-03
6.865912582725286484e-03
6.865912582725286484e-03
8.481421507894992828e-03
7.269789930433034897e-03
3.231017850339412689e-03
4.038772080093622208e-03
4.038772080093622208e-03
4.442649427801370621e-03
3.634894965216517448e-03
4.038772080093622208e-03
6.058158352971076965e-03
4.442649427801370621e-03
1.211631693877279758e-03
5.654281005263328552e-03
3.634894965216517448e-03
4.846526775509119034e-03
3.634894965216517448e-03
4.442649427801370621e-03
2.827140502631664276e-03
2.827140502631664276e-03
4.442649427801370621e-03
3.231017850339412689e-03
3.231017850339412689e-03
6.462035700678825378e-03
2.827140502631664276e-03
3.634894965216517448e-03
3.231017850339412689e-03
3.634894965216517448e-03
6.865912582725286484e-03
1.615508925169706345e-03
2.827140502631664276e-03
2.827140502631664276e-03
3.231017850339412689e-03
6.058158352971076965e-03
4.442649427801370621e-03
2.423263387754559517e-03
4.038772080093622208e-03
2.423263387754559517e-03
2.827140502631664276e-03
2.827140502631664276e-03
4.442649427801370621e-03
3.634894965216517448e-03
2.423263387754559517e-03
3.231017850339412689e-03
2.827140502631664276e-03
2.019386040046811104e-03
4.038772080093622208e-03
3.634894965216517448e-03
3.634894965216517448e-03
3.231017850339412689e-03
4.442649427801370621e-03
3.231017850339412689e-03
1.615508925169706345e-03
2.019386040046811104e-03
1.211631693877279758e-03
4.038772080093622208e-03
5.250403657555580139e-03
2.423263387754559517e-03
4.846526775509119034e-03
1.615508925169706345e-03
3.634894965216517448e-03
1.211631693877279758e-03
2.423263387754559517e-03
2.827140502631664276e-03
1.615508925169706345e-03
3.634894965216517448e-03
4.038772080093622208e-03
4.846526775509119034e-03
3.231017850339412689e-03
1.615508925169706345e-03
4.038772080093622208e-03
4.038772080093622208e-03
8.077544160187244415e-03
6.058158352971076965e-03
3.634894965216517448e-03
6.058158352971076965e-03
6.865912582725286484e-03
7.673667278140783310e-03
1.494345720857381821e-02
