2.851239740848541260e-01
5.234159901738166809e-02
3.581267222762107849e-02
1.790633611381053925e-02
2.272727340459823608e-02
1.515151560306549072e-02
1.377410441637039185e-02
1.239669416099786758e-02
8.264462463557720184e-03
8.953168056905269623e-03
9.641873650252819061e-03
8.264462463557720184e-03
9.641873650252819061e-03
8.953168056905269623e-03
6.887052208185195923e-03
2.754820976406335831e-03
4.820936825126409531e-03
6.198347080498933792e-03
8.953168056905269623e-03
4.132231231778860092e-03
6.198347080498933792e-03
4.820936825126409531e-03
2.066115615889430046e-03
1.377410488203167915e-03
6.198347080498933792e-03
2.066115615889430046e-03
4.132231231778860092e-03
3.443526104092597961e-03
4.132231231778860092e-03
2.754820976406335831e-03
2.066115615889430046e-03
3.443526104092597961e-03
4.132231231778860092e-03
2.066115615889430046e-03
1.377410488203167915e-03
3.443526104092597961e-03
4.820936825126409531e-03
4.132231231778860092e-03
4.820936825126409531e-03
4.132231231778860092e-03
3.443526104092597961e-03
2.066115615889430046e-03
2.754820976406335831e-03
1.377410488203167915e-03
1.377410488203167915e-03
2.754820976406335831e-03
1.377410488203167915e-03
6.887052441015839577e-04
6.198347080498933792e-03
4.820936825126409531e-03
1.377410488203167915e-03
1.377410488203167915e-03
6.887052441015839577e-04
4.132231231778860092e-03
4.132231231778860092e-03
3.443526104092597961e-03
2.066115615889430046e-03
3.443526104092597961e-03
1.377410488203167915e-03
2.754820976406335831e-03
1.377410488203167915e-03
4.132231231778860092e-03
5.509641952812671661e-03
4.132231231778860092e-03
3.443526104092597961e-03
2.066115615889430046e-03
2.754820976406335831e-03
2.754820976406335831e-03
2.066115615889430046e-03
7.575757801532745361e-03
3.443526104092597961e-03
4.820936825126409531e-03
4.132231231778860092e-03
2.066115615889430046e-03
4.132231231778860092e-03
4.132231231778860092e-03
4.132231231778860092e-03
3.443526104092597961e-03
3.443526104092597961e-03
5.509641952812671661e-03
4.132231231778860092e-03
4.820936825126409531e-03
3.443526104092597961e-03
4.132231231778860092e-03
7.575757801532745361e-03
6.198347080498933792e-03
2.754820976406335831e-03
8.264462463557720184e-03
4.132231231778860092e-03
6.198347080498933792e-03
8.953168056905269623e-03
8.264462463557720184e-03
1.308539975434541702e-02
1.033057831227779388e-02
1.033057831227779388e-02
1.101928390562534332e-02
1.101928390562534332e-02
1.515151560306549072e-02
3.374655544757843018e-02
8.539944887161254883e-02
