3.297165408730506897e-02
5.136221647262573242e-02
5.073168128728866577e-02
4.461025074124336243e-02
3.898799419403076172e-02
3.312928602099418640e-02
2.803247235715389252e-02
2.579933218657970428e-02
2.427554316818714142e-02
2.070252038538455963e-02
1.959908567368984222e-02
1.823293045163154602e-02
1.749730668962001801e-02
1.715576834976673126e-02
1.652523502707481384e-02
1.563197933137416840e-02
1.460736151784658432e-02
1.542180031538009644e-02
1.465990580618381500e-02
1.442345604300498962e-02
1.253185514360666275e-02
1.250558253377676010e-02
1.400309987366199493e-02
1.316238846629858017e-02
1.169114373624324799e-02
1.155978254973888397e-02
1.113942638039588928e-02
1.148096565157175064e-02
1.113942638039588928e-02
1.037753187119960785e-02
9.878359735012054443e-03
1.014108210802078247e-02
9.563093073666095734e-03
9.300370700657367706e-03
9.090192615985870361e-03
8.932558819651603699e-03
8.380842395126819611e-03
8.512203581631183624e-03
7.960486225783824921e-03
7.802853360772132874e-03
7.487586233764886856e-03
7.645219564437866211e-03
6.962141487747430801e-03
6.699419580399990082e-03
6.909597199410200119e-03
6.778236012905836105e-03
6.699419580399990082e-03
5.385807715356349945e-03
5.937524605542421341e-03
6.489241495728492737e-03
6.200246978551149368e-03
5.963796749711036682e-03
5.280718673020601273e-03
5.963796749711036682e-03
5.254446528851985931e-03
5.044268909841775894e-03
5.149357486516237259e-03
4.991724155843257904e-03
5.044268909841775894e-03
4.308646079152822495e-03
4.702729638665914536e-03
4.413735121488571167e-03
4.545096307992935181e-03
4.282373934984207153e-03
4.308646079152822495e-03
4.413735121488571167e-03
4.098468460142612457e-03
3.783201565966010094e-03
4.019651561975479126e-03
3.914562519639730453e-03
3.651840379461646080e-03
4.229829646646976471e-03
3.730657044798135757e-03
3.967107273638248444e-03
4.019651561975479126e-03
3.862018231302499771e-03
3.783201565966010094e-03
3.940835129469633102e-03
3.415390383452177048e-03
3.441662527620792389e-03
3.257756819948554039e-03
4.098468460142612457e-03
3.651840379461646080e-03
3.231484675779938698e-03
3.835746087133884430e-03
3.336573485285043716e-03
3.257756819948554039e-03
3.178940154612064362e-03
2.811128972098231316e-03
3.783201565966010094e-03
3.467934671789407730e-03
3.599295858293771744e-03
3.940835129469633102e-03
4.098468460142612457e-03
4.308646079152822495e-03
4.072196315973997116e-03
4.518824163824319839e-03
4.729001782834529877e-03
5.017996300011873245e-03
3.573023714125156403e-03
