9.855129756033420563e-03
5.047797411680221558e-02
8.613383024930953979e-02
9.931999444961547852e-02
8.782891184091567993e-02
7.101606577634811401e-02
5.696265026926994324e-02
4.825071617960929871e-02
4.034690186381340027e-02
3.571499139070510864e-02
3.151670470833778381e-02
2.727899886667728424e-02
2.353405021131038666e-02
2.118852920830249786e-02
1.907953061163425446e-02
1.637922599911689758e-02
1.687198132276535034e-02
1.458559185266494751e-02
1.405341457575559616e-02
1.265398599207401276e-02
1.095890440046787262e-02
1.001281198114156723e-02
1.022962480783462524e-02
9.224400855600833893e-03
8.948457427322864532e-03
8.199468255043029785e-03
7.292795926332473755e-03
8.081206120550632477e-03
6.070759613066911697e-03
6.563516333699226379e-03
5.853946786373853683e-03
5.361190531402826309e-03
5.341480020433664322e-03
4.966985434293746948e-03
4.119444172829389572e-03
4.198285285383462906e-03
4.237705841660499573e-03
4.336256999522447586e-03
3.764659399166703224e-03
3.271902911365032196e-03
3.725239075720310211e-03
3.153641475364565849e-03
2.739726100116968155e-03
2.838277257978916168e-03
3.193062031641602516e-03
2.680595265701413155e-03
2.483492717146873474e-03
2.483492717146873474e-03
2.049867063760757446e-03
1.951315673068165779e-03
2.148418221622705460e-03
2.266679890453815460e-03
2.168128499761223793e-03
1.911895116791129112e-03
1.714792568236589432e-03
1.419138628989458084e-03
1.675372011959552765e-03
1.458559185266494751e-03
1.635951455682516098e-03
1.714792568236589432e-03
1.517689903266727924e-03
1.281166798435151577e-03
1.438848907127976418e-03
1.793633564375340939e-03
1.596531015820801258e-03
1.458559185266494751e-03
1.340297632850706577e-03
1.497979741543531418e-03
1.320587354712188244e-03
1.123484806157648563e-03
9.855129756033420563e-04
1.320587354712188244e-03
7.687000907026231289e-04
1.202325802296400070e-03
1.064353971742093563e-03
9.855129756033420563e-04
9.460924193263053894e-04
5.913077620789408684e-04
9.855129756033420563e-04
8.475411450490355492e-04
9.460924193263053894e-04
6.110180402174592018e-04
7.687000907026231289e-04
8.278308669105172157e-04
6.504385382868349552e-04
6.504385382868349552e-04
5.518872640095651150e-04
5.715975421480834484e-04
5.715975421480834484e-04
7.292795926332473755e-04
5.715975421480834484e-04
5.715975421480834484e-04
6.898590945638716221e-04
6.504385382868349552e-04
7.687000907026231289e-04
9.263821993954479694e-04
8.278308669105172157e-04
1.005223253741860390e-03
1.458559185266494751e-03
2.089287387207150459e-03
