1.892184838652610779e-03
8.081206469796597958e-04
7.095693144947290421e-04
5.715975421480834484e-04
5.518872640095651150e-04
6.110180402174592018e-04
4.730462096631526947e-04
4.730462096631526947e-04
5.321769858710467815e-04
6.898590945638716221e-04
6.504385382868349552e-04
5.715975421480834484e-04
7.687000907026231289e-04
6.307283183559775352e-04
7.489898707717657089e-04
7.489898707717657089e-04
9.460924193263053894e-04
1.281166798435151577e-03
1.103774528019130230e-03
1.044643693603575230e-03
7.489898707717657089e-04
1.044643693603575230e-03
7.687000907026231289e-04
1.241746358573436737e-03
1.162905246019363403e-03
1.222036080434918404e-03
1.360007910989224911e-03
1.241746358573436737e-03
1.143195084296166897e-03
1.458559185266494751e-03
1.399428350850939751e-03
1.281166798435151577e-03
1.123484806157648563e-03
1.360007910989224911e-03
1.222036080434918404e-03
1.340297632850706577e-03
1.222036080434918404e-03
1.024933531880378723e-03
1.399428350850939751e-03
1.379718189127743244e-03
1.340297632850706577e-03
1.281166798435151577e-03
1.616241293959319592e-03
1.497979741543531418e-03
1.024933531880378723e-03
1.576820737682282925e-03
1.340297632850706577e-03
1.517689903266727924e-03
1.438848907127976418e-03
1.478269463405013084e-03
1.616241293959319592e-03
1.813343842513859272e-03
1.616241293959319592e-03
1.714792568236589432e-03
1.813343842513859272e-03
1.990736229345202446e-03
2.010446507483720779e-03
1.971025951206684113e-03
2.128707943484187126e-03
1.911895116791129112e-03
2.148418221622705460e-03
2.463782439008355141e-03
2.680595265701413155e-03
2.286390168592333794e-03
2.877697814255952835e-03
2.857987536117434502e-03
3.035379806533455849e-03
3.114220919087529182e-03
3.232482587918639183e-03
3.350744023919105530e-03
4.040603060275316238e-03
4.217995330691337585e-03
3.626687685027718544e-03
4.474228713661432266e-03
4.986695479601621628e-03
5.676554515957832336e-03
6.129890680313110352e-03
6.662067491561174393e-03
6.839459761977195740e-03
7.568739354610443115e-03
8.909037336707115173e-03
1.001281198114156723e-02
1.003252156078815460e-02
1.105745509266853333e-02
1.365920994430780411e-02
1.456588134169578552e-02
1.687198132276535034e-02
1.969054900109767914e-02
2.274563908576965332e-02
2.708189561963081360e-02
3.149699419736862183e-02
3.744949400424957275e-02
4.525475576519966125e-02
5.390755832195281982e-02
6.474819779396057129e-02
7.830885797739028931e-02
9.527939558029174805e-02
1.208435967564582825e-01
1.251207292079925537e-01
3.804080188274383545e-02
