4.361190833151340485e-03
3.520479192957282066e-03
3.126395633444190025e-03
3.415390383452177048e-03
3.441662527620792389e-03
3.783201565966010094e-03
3.178940154612064362e-03
3.205212298780679703e-03
3.599295858293771744e-03
3.940835129469633102e-03
4.124740604311227798e-03
3.389118006452918053e-03
3.467934671789407730e-03
3.310301341116428375e-03
3.336573485285043716e-03
3.389118006452918053e-03
3.599295858293771744e-03
3.047578968107700348e-03
3.756929188966751099e-03
3.862018231302499771e-03
3.599295858293771744e-03
3.441662527620792389e-03
4.019651561975479126e-03
3.546751337125897408e-03
4.387462977319955826e-03
3.756929188966751099e-03
3.362845862284302711e-03
3.021306823939085007e-03
3.257756819948554039e-03
3.205212298780679703e-03
3.441662527620792389e-03
3.441662527620792389e-03
3.546751337125897408e-03
3.441662527620792389e-03
3.415390383452177048e-03
3.389118006452918053e-03
3.231484675779938698e-03
3.336573485285043716e-03
3.678112523630261421e-03
3.756929188966751099e-03
3.126395633444190025e-03
3.494207048788666725e-03
3.257756819948554039e-03
3.625568235293030739e-03
3.783201565966010094e-03
3.704384900629520416e-03
3.993379417806863785e-03
4.177284892648458481e-03
4.256101790815591812e-03
4.019651561975479126e-03
4.650185350328683853e-03
4.387462977319955826e-03
4.466279409825801849e-03
4.256101790815591812e-03
4.492552019655704498e-03
4.256101790815591812e-03
5.306990817189216614e-03
5.517168901860713959e-03
5.017996300011873245e-03
4.518824163824319839e-03
5.254446528851985931e-03
5.412079859524965286e-03
5.648530088365077972e-03
5.963796749711036682e-03
5.517168901860713959e-03
6.515513639897108078e-03
6.068885792046785355e-03
6.147702690213918686e-03
7.067230530083179474e-03
5.727346986532211304e-03
7.356225047260522842e-03
7.487586233764886856e-03
7.776580750942230225e-03
8.643564768135547638e-03
8.827470242977142334e-03
8.696109056472778320e-03
9.090192615985870361e-03
9.852087125182151794e-03
9.589364752173423767e-03
1.179623231291770935e-02
1.237422134727239609e-02
1.203268300741910934e-02
1.371410582214593887e-02
1.360901631414890289e-02
1.494890078902244568e-02
1.649896241724491119e-02
1.888973452150821686e-02
2.143814228475093842e-02
2.230512537062168121e-02
2.493234910070896149e-02
2.734939381480216980e-02
2.821637876331806183e-02
3.305047005414962769e-02
3.557260334491729736e-02
4.006515443325042725e-02
4.437380284070968628e-02
5.096813291311264038e-02
5.929642915725708008e-02
7.311562448740005493e-02
6.336862593889236450e-02
