8.126487582921981812e-02
1.224227994680404663e-01
8.511328697204589844e-02
7.004420459270477295e-02
5.522240325808525085e-02
4.554727673530578613e-02
3.743315488100051880e-02
3.353837504982948303e-02
2.877809107303619385e-02
2.438873611390590668e-02
2.275045588612556458e-02
2.046304568648338318e-02
1.834564656019210815e-02
1.632097922265529633e-02
1.567184925079345703e-02
1.406448055058717728e-02
1.214800123125314713e-02
1.111248508095741272e-02
1.145250536501407623e-02
9.999690577387809753e-03
9.984235279262065887e-03
9.273284114897251129e-03
8.500509895384311676e-03
9.118729270994663239e-03
8.732342161238193512e-03
8.639609441161155701e-03
7.573181763291358948e-03
7.372260559350252151e-03
7.186794653534889221e-03
6.584031507372856140e-03
6.244011223316192627e-03
5.919446237385272980e-03
5.981267895549535751e-03
5.193038843572139740e-03
5.239405203610658646e-03
5.131217185407876968e-03
4.744830075651407242e-03
5.023028701543807983e-03
4.111155867576599121e-03
4.142066929489374161e-03
3.941145725548267365e-03
4.296621307730674744e-03
3.925689961761236191e-03
3.678402630612254143e-03
3.709313459694385529e-03
3.446570364758372307e-03
3.431115066632628441e-03
3.245649393647909164e-03
3.322926582768559456e-03
3.616580739617347717e-03
3.029272658750414848e-03
3.307471284642815590e-03
3.013817127794027328e-03
2.797440625727176666e-03
2.951995236799120903e-03
2.380142919719219208e-03
2.890173345804214478e-03
2.720163203775882721e-03
2.426509279757738113e-03
2.751074265688657761e-03
2.642885781824588776e-03
2.457420108839869499e-03
1.978300511837005615e-03
2.426509279757738113e-03
2.333776326850056648e-03
2.503786701709032059e-03
2.241043606773018837e-03
2.009211573749780655e-03
2.349231857806444168e-03
1.947389566339552402e-03
1.700102002359926701e-03
2.040122402831912041e-03
2.040122402831912041e-03
2.071033464744687080e-03
1.839201315306127071e-03
1.947389566339552402e-03
1.545547274872660637e-03
1.731012947857379913e-03
1.684646587818861008e-03
1.607369165867567062e-03
1.360081601887941360e-03
1.622824696823954582e-03
1.437359023839235306e-03
1.406448078341782093e-03
1.530091860331594944e-03
1.298259710893034935e-03
1.329170656390488148e-03
1.050972146913409233e-03
1.097338623367249966e-03
1.004605786874890327e-03
9.427838376723229885e-04
9.273283649235963821e-04
8.809619466774165630e-04
6.491298554465174675e-04
7.882291101850569248e-04
7.573181646876037121e-04
7.109517464414238930e-04
8.964174194261431694e-04
9.273283649235963821e-04
2.627430483698844910e-03
