1.030846908688545227e-01
6.420639157295227051e-02
4.529444873332977295e-02
4.287156462669372559e-02
3.510936722159385681e-02
3.275378420948982239e-02
2.840157039463520050e-02
2.557487413287162781e-02
2.212002314627170563e-02
2.068424038589000702e-02
1.803701557219028473e-02
1.779024116694927216e-02
1.664610207080841064e-02
1.489624194800853729e-02
1.372966915369033813e-02
1.363993249833583832e-02
1.251822803169488907e-02
1.182277034968137741e-02
1.206954568624496460e-02
1.135165430605411530e-02
1.034212019294500351e-02
1.079080160707235336e-02
1.014021318405866623e-02
1.009534485638141632e-02
9.556926786899566650e-03
9.310151450335979462e-03
9.624228812754154205e-03
8.502523414790630341e-03
8.255749009549617767e-03
7.807066664099693298e-03
8.210880681872367859e-03
8.457656018435955048e-03
8.435221388936042786e-03
7.627593819051980972e-03
7.335950620472431183e-03
6.752664223313331604e-03
6.326416041702032089e-03
7.201346103101968765e-03
6.079641170799732208e-03
5.922602489590644836e-03
6.393718533217906952e-03
6.393718533217906952e-03
6.662927567958831787e-03
5.765563808381557465e-03
5.361749790608882904e-03
5.361749790608882904e-03
6.079641170799732208e-03
5.630958825349807739e-03
6.102075334638357162e-03
5.406618118286132812e-03
4.868199583142995834e-03
4.980369936674833298e-03
4.666292574256658554e-03
4.621424712240695953e-03
4.576556384563446045e-03
4.441951867192983627e-03
4.733595065772533417e-03
5.092540755867958069e-03
5.182276945561170578e-03
4.800897557288408279e-03
4.486820194870233536e-03
4.845765419304370880e-03
3.925967495888471603e-03
4.598990548402070999e-03
4.621424712240695953e-03
4.464386031031608582e-03
4.957936238497495651e-03
4.352215211838483810e-03
3.993269987404346466e-03
4.554122220724821091e-03
4.217610694468021393e-03
4.643858876079320908e-03
4.240044858306646347e-03
3.925967495888471603e-03
3.993269987404346466e-03
4.329781047999858856e-03
3.925967495888471603e-03
4.038137849420309067e-03
3.948401659727096558e-03
3.858665237203240395e-03
4.195176530629396439e-03
3.948401659727096558e-03
4.083006177097558975e-03
3.252944443374872208e-03
3.454851452261209488e-03
3.140774089843034744e-03
3.858665237203240395e-03
3.925967495888471603e-03
3.656758228316903114e-03
3.185642184689640999e-03
4.127874504774808884e-03
3.679192392155528069e-03
4.083006177097558975e-03
3.858665237203240395e-03
4.038137849420309067e-03
3.679192392155528069e-03
3.836231073364615440e-03
3.230510279536247253e-03
2.849130658432841301e-03
7.492989301681518555e-03
