2.524232566356658936e-01
8.239095658063888550e-02
5.048465356230735779e-02
3.352180868387222290e-02
2.786752767860889435e-02
2.382875606417655945e-02
1.898222975432872772e-02
2.221324667334556580e-02
1.817447505891323090e-02
1.373182516545057297e-02
1.252019405364990234e-02
1.373182516545057297e-02
1.009693089872598648e-02
1.130856201052665710e-02
1.292407140135765076e-02
1.090468466281890869e-02
8.481421507894992828e-03
9.289176203310489655e-03
5.250403657555580139e-03
9.289176203310489655e-03
9.289176203310489655e-03
6.058158352971076965e-03
5.654281005263328552e-03
3.634894965216517448e-03
5.250403657555580139e-03
6.058158352971076965e-03
4.846526775509119034e-03
5.654281005263328552e-03
4.442649427801370621e-03
2.423263387754559517e-03
6.462035700678825378e-03
2.423263387754559517e-03
6.865912582725286484e-03
4.038772080093622208e-03
2.827140502631664276e-03
5.250403657555580139e-03
3.634894965216517448e-03
2.827140502631664276e-03
4.442649427801370621e-03
4.846526775509119034e-03
2.423263387754559517e-03
2.827140502631664276e-03
4.846526775509119034e-03
4.846526775509119034e-03
2.827140502631664276e-03
6.058158352971076965e-03
2.423263387754559517e-03
2.827140502631664276e-03
4.038772080093622208e-03
2.019386040046811104e-03
1.211631693877279758e-03
3.231017850339412689e-03
2.827140502631664276e-03
4.038772080093622208e-03
2.423263387754559517e-03
8.077544625848531723e-04
2.423263387754559517e-03
3.231017850339412689e-03
4.846526775509119034e-03
3.634894965216517448e-03
5.250403657555580139e-03
2.423263387754559517e-03
4.442649427801370621e-03
2.019386040046811104e-03
3.634894965216517448e-03
2.423263387754559517e-03
3.231017850339412689e-03
2.423263387754559517e-03
2.827140502631664276e-03
4.038772080093622208e-03
3.634894965216517448e-03
2.827140502631664276e-03
3.231017850339412689e-03
2.827140502631664276e-03
3.231017850339412689e-03
5.654281005263328552e-03
3.634894965216517448e-03
3.634894965216517448e-03
2.019386040046811104e-03
4.038772080093622208e-03
3.634894965216517448e-03
4.442649427801370621e-03
4.846526775509119034e-03
2.827140502631664276e-03
2.827140502631664276e-03
2.827140502631664276e-03
4.442649427801370621e-03
4.846526775509119034e-03
3.231017850339412689e-03
2.019386040046811104e-03
3.634894965216517448e-03
4.038772080093622208e-03
3.231017850339412689e-03
4.846526775509119034e-03
6.865912582725286484e-03
7.269789930433034897e-03
6.462035700678825378e-03
9.289176203310489655e-03
1.373182516545057297e-02
2.907915972173213959e-02
