2.451790571212768555e-01
4.545454680919647217e-02
3.581267222762107849e-02
2.892562001943588257e-02
1.928374730050563812e-02
8.264462463557720184e-03
1.928374730050563812e-02
1.239669416099786758e-02
6.887052208185195923e-03
1.101928390562534332e-02
8.953168056905269623e-03
8.264462463557720184e-03
4.820936825126409531e-03
5.509641952812671661e-03
7.575757801532745361e-03
2.066115615889430046e-03
8.264462463557720184e-03
5.509641952812671661e-03
2.754820976406335831e-03
4.132231231778860092e-03
7.575757801532745361e-03
8.264462463557720184e-03
4.132231231778860092e-03
5.509641952812671661e-03
2.754820976406335831e-03
4.132231231778860092e-03
4.820936825126409531e-03
4.132231231778860092e-03
4.820936825126409531e-03
2.754820976406335831e-03
2.066115615889430046e-03
2.066115615889430046e-03
6.198347080498933792e-03
1.377410488203167915e-03
6.198347080498933792e-03
4.132231231778860092e-03
3.443526104092597961e-03
6.198347080498933792e-03
3.443526104092597961e-03
2.066115615889430046e-03
2.754820976406335831e-03
1.377410488203167915e-03
2.754820976406335831e-03
4.132231231778860092e-03
4.820936825126409531e-03
4.820936825126409531e-03
4.132231231778860092e-03
2.066115615889430046e-03
4.132231231778860092e-03
4.132231231778860092e-03
2.754820976406335831e-03
4.132231231778860092e-03
2.754820976406335831e-03
3.443526104092597961e-03
2.754820976406335831e-03
2.754820976406335831e-03
3.443526104092597961e-03
2.066115615889430046e-03
1.377410488203167915e-03
3.443526104092597961e-03
1.377410488203167915e-03
6.887052441015839577e-04
4.132231231778860092e-03
3.443526104092597961e-03
2.066115615889430046e-03
3.443526104092597961e-03
3.443526104092597961e-03
4.820936825126409531e-03
3.443526104092597961e-03
2.754820976406335831e-03
6.887052441015839577e-04
3.443526104092597961e-03
3.443526104092597961e-03
3.443526104092597961e-03
3.443526104092597961e-03
2.754820976406335831e-03
4.820936825126409531e-03
5.509641952812671661e-03
2.754820976406335831e-03
5.509641952812671661e-03
1.377410488203167915e-03
4.132231231778860092e-03
4.820936825126409531e-03
4.820936825126409531e-03
6.887052208185195923e-03
5.509641952812671661e-03
4.820936825126409531e-03
4.132231231778860092e-03
7.575757801532745361e-03
3.443526104092597961e-03
8.953168056905269623e-03
7.575757801532745361e-03
6.198347080498933792e-03
1.515151560306549072e-02
9.641873650252819061e-03
9.641873650252819061e-03
1.446281000971794128e-02
1.515151560306549072e-02
3.581267222762107849e-02
1.239669397473335266e-01
