9.278503246605396271e-03
8.090855553746223450e-03
7.793942932039499283e-03
7.200118619948625565e-03
7.719715125858783722e-03
7.497030775994062424e-03
7.571259047836065292e-03
8.387766778469085693e-03
7.719715125858783722e-03
7.274346891790628433e-03
8.758907206356525421e-03
7.942399010062217712e-03
7.497030775994062424e-03
7.645486854016780853e-03
7.942399010062217712e-03
7.422802969813346863e-03
6.457838695496320724e-03
6.680522579699754715e-03
7.348574697971343994e-03
7.274346891790628433e-03
7.422802969813346863e-03
6.532066501677036285e-03
6.606294307857751846e-03
6.012470461428165436e-03
6.012470461428165436e-03
6.309382617473602295e-03
5.641330033540725708e-03
5.195961799472570419e-03
7.274346891790628433e-03
6.235154345631599426e-03
5.270190071314573288e-03
5.195961799472570419e-03
5.864014383405447006e-03
5.418646149337291718e-03
5.195961799472570419e-03
5.492873955518007278e-03
3.488717367872595787e-03
5.270190071314573288e-03
4.973277915269136429e-03
6.012470461428165436e-03
6.012470461428165436e-03
5.195961799472570419e-03
5.864014383405447006e-03
5.715558305382728577e-03
5.418646149337291718e-03
5.567102227360010147e-03
4.379453603178262711e-03
4.156769718974828720e-03
5.492873955518007278e-03
4.899050109088420868e-03
5.195961799472570419e-03
5.344417877495288849e-03
5.344417877495288849e-03
5.789786111563444138e-03
4.676365759223699570e-03
5.195961799472570419e-03
4.824821837246417999e-03
4.305225796997547150e-03
4.973277915269136429e-03
5.270190071314573288e-03
4.973277915269136429e-03
5.047505721449851990e-03
6.235154345631599426e-03
6.086698267608880997e-03
5.864014383405447006e-03
4.750594031065702438e-03
6.606294307857751846e-03
5.492873955518007278e-03
6.012470461428165436e-03
5.492873955518007278e-03
5.492873955518007278e-03
5.864014383405447006e-03
6.977434735745191574e-03
7.571259047836065292e-03
6.383610423654317856e-03
6.235154345631599426e-03
7.274346891790628433e-03
6.532066501677036285e-03
7.645486854016780853e-03
8.684678934514522552e-03
8.387766778469085693e-03
7.348574697971343994e-03
8.833135478198528290e-03
9.055819362401962280e-03
1.024346798658370972e-02
1.031769625842571259e-02
1.002078410238027573e-02
1.187648437917232513e-02
1.120843272656202316e-02
1.298990473151206970e-02
1.291567739099264145e-02
1.350950077176094055e-02
1.358372904360294342e-02
1.714667491614818573e-02
1.974465511739253998e-02
2.182304114103317261e-02
2.664786204695701599e-02
3.644596040248870850e-02
4.817399010062217712e-02
1.919536888599395752e-01
