1.739001870155334473e-01
9.507857263088226318e-02
6.827922910451889038e-02
5.236711353063583374e-02
4.330262541770935059e-02
3.566678240895271301e-02
2.980442345142364502e-02
2.670082263648509979e-02
2.261195145547389984e-02
2.083846554160118103e-02
1.704517379403114319e-02
1.704517379403114319e-02
1.601064018905162811e-02
1.443420816212892532e-02
1.108429022133350372e-02
1.113355346024036407e-02
1.044386439025402069e-02
8.768904954195022583e-03
9.507857263088226318e-03
1.009901985526084900e-02
8.867431432008743286e-03
7.635843940079212189e-03
8.965958841145038605e-03
7.290999405086040497e-03
7.192472461611032486e-03
7.438790053129196167e-03
6.305729504674673080e-03
6.601310335099697113e-03
7.290999405086040497e-03
5.813094321638345718e-03
6.059411913156509399e-03
5.566776730120182037e-03
6.404256448149681091e-03
5.960884969681501389e-03
4.630770068615674973e-03
4.680033307522535324e-03
5.221932195127010345e-03
5.369722843170166016e-03
5.369722843170166016e-03
4.975614603608846664e-03
4.680033307522535324e-03
3.744026878848671913e-03
4.285925533622503281e-03
4.433715716004371643e-03
4.285925533622503281e-03
3.596236230805516243e-03
3.891817294061183929e-03
3.842553822323679924e-03
3.152864752337336540e-03
3.251391695812344551e-03
3.596236230805516243e-03
3.793290350586175919e-03
4.187398590147495270e-03
3.694763174280524254e-03
3.448445815593004227e-03
4.088871181011199951e-03
3.891817294061183929e-03
3.448445815593004227e-03
4.138134885579347610e-03
4.039607942104339600e-03
2.955810632556676865e-03
2.216857858002185822e-03
3.251391695812344551e-03
3.103601047769188881e-03
3.399182111024856567e-03
3.349918639287352562e-03
3.054337576031684875e-03
3.251391695812344551e-03
2.857283689081668854e-03
2.266121562570333481e-03
2.512438921257853508e-03
3.152864752337336540e-03
3.152864752337336540e-03
2.709493041038513184e-03
2.463175449520349503e-03
2.906547160819172859e-03
2.758756512776017189e-03
3.399182111024856567e-03
2.857283689081668854e-03
2.561702625826001167e-03
2.512438921257853508e-03
1.724222907796502113e-03
2.610966097563505173e-03
3.054337576031684875e-03
2.266121562570333481e-03
2.364648506045341492e-03
2.118330914527177811e-03
2.019803971052169800e-03
2.463175449520349503e-03
2.167594386264681816e-03
1.872013439424335957e-03
2.167594386264681816e-03
1.773486379534006119e-03
1.724222907796502113e-03
1.724222907796502113e-03
1.428641844540834427e-03
1.527168788015842438e-03
1.231587724760174751e-03
1.477905316278338432e-03
4.335188772529363632e-03
