1.128266006708145142e-01
3.162113949656486511e-02
2.442102134227752686e-02
1.967042684555053711e-02
1.774049922823905945e-02
1.803741045296192169e-02
1.202494092285633087e-02
1.350950077176094055e-02
1.432600989937782288e-02
1.343527343124151230e-02
1.306413300335407257e-02
1.180225610733032227e-02
1.150534488260746002e-02
1.247030869126319885e-02
1.039192359894514084e-02
9.946555830538272858e-03
9.575415402650833130e-03
8.833135478198528290e-03
9.352731518447399139e-03
1.039192359894514084e-02
8.981591090559959412e-03
9.130047634243965149e-03
9.055819362401962280e-03
9.204275906085968018e-03
9.426959790289402008e-03
8.461995050311088562e-03
9.130047634243965149e-03
8.536223322153091431e-03
7.422802969813346863e-03
7.348574697971343994e-03
8.090855553746223450e-03
8.090855553746223450e-03
8.684678934514522552e-03
5.715558305382728577e-03
7.125890813767910004e-03
7.125890813767910004e-03
8.016627281904220581e-03
6.235154345631599426e-03
7.422802969813346863e-03
7.200118619948625565e-03
7.793942932039499283e-03
7.422802969813346863e-03
7.274346891790628433e-03
6.754750385880470276e-03
7.051662541925907135e-03
7.645486854016780853e-03
6.828978657722473145e-03
8.313539437949657440e-03
7.719715125858783722e-03
7.719715125858783722e-03
7.274346891790628433e-03
7.125890813767910004e-03
8.610451593995094299e-03
7.868170738220214844e-03
8.016627281904220581e-03
7.793942932039499283e-03
7.348574697971343994e-03
6.754750385880470276e-03
8.461995050311088562e-03
7.571259047836065292e-03
7.571259047836065292e-03
7.719715125858783722e-03
6.903206463903188705e-03
8.016627281904220581e-03
6.680522579699754715e-03
7.719715125858783722e-03
8.758907206356525421e-03
9.501188062131404877e-03
7.645486854016780853e-03
8.016627281904220581e-03
7.645486854016780853e-03
8.239311166107654572e-03
7.868170738220214844e-03
7.051662541925907135e-03
7.497030775994062424e-03
7.793942932039499283e-03
9.130047634243965149e-03
9.352731518447399139e-03
8.461995050311088562e-03
7.645486854016780853e-03
7.571259047836065292e-03
9.352731518447399139e-03
8.461995050311088562e-03
8.165082894265651703e-03
7.497030775994062424e-03
7.274346891790628433e-03
7.571259047836065292e-03
7.942399010062217712e-03
9.352731518447399139e-03
6.754750385880470276e-03
8.536223322153091431e-03
7.125890813767910004e-03
6.606294307857751846e-03
7.200118619948625565e-03
6.532066501677036285e-03
7.051662541925907135e-03
6.160926539450883865e-03
6.235154345631599426e-03
2.820665016770362854e-03
5.864014383405447006e-03
