5.271195620298385620e-02
4.492831975221633911e-02
4.014975950121879578e-02
3.645499795675277710e-02
3.404108434915542603e-02
2.936105243861675262e-02
2.857283689081668854e-02
2.596187032759189606e-02
2.724272198975086212e-02
2.408985607326030731e-02
2.473028190433979034e-02
2.123257331550121307e-02
2.034582942724227905e-02
1.842455379664897919e-02
1.901571452617645264e-02
1.832602545619010925e-02
1.699591055512428284e-02
1.532095205038785934e-02
1.596137695014476776e-02
1.408936362713575363e-02
1.463126298040151596e-02
1.349820196628570557e-02
1.389230974018573761e-02
1.216808706521987915e-02
1.344893872737884521e-02
1.009901985526084900e-02
1.177397929131984711e-02
1.034533698111772537e-02
1.088723540306091309e-02
1.078870892524719238e-02
1.044386439025402069e-02
9.557121433317661285e-03
1.029607374221086502e-02
8.719641715288162231e-03
9.409330785274505615e-03
8.965958841145038605e-03
8.965958841145038605e-03
8.029952645301818848e-03
7.980688475072383881e-03
7.389526348561048508e-03
9.015222080051898956e-03
7.438790053129196167e-03
6.650574039667844772e-03
8.473323658108711243e-03
7.340263109654188156e-03
6.995418574661016464e-03
6.946154870092868805e-03
7.143209222704172134e-03
7.044681813567876816e-03
7.241736166179180145e-03
7.340263109654188156e-03
7.093945518136024475e-03
5.813094321638345718e-03
5.616039969027042389e-03
5.418986082077026367e-03
5.418986082077026367e-03
5.566776730120182037e-03
4.581506364047527313e-03
5.813094321638345718e-03
6.010148208588361740e-03
5.074141547083854675e-03
5.024877842515707016e-03
4.729297012090682983e-03
5.024877842515707016e-03
4.088871181011199951e-03
4.138134885579347610e-03
4.877087660133838654e-03
4.335188772529363632e-03
4.384452477097511292e-03
4.482979420572519302e-03
3.546972759068012238e-03
4.285925533622503281e-03
3.596236230805516243e-03
3.842553822323679924e-03
3.251391695812344551e-03
3.300655167549848557e-03
3.497709287330508232e-03
3.694763174280524254e-03
3.103601047769188881e-03
3.349918639287352562e-03
3.596236230805516243e-03
3.694763174280524254e-03
3.645499702543020248e-03
2.857283689081668854e-03
2.758756512776017189e-03
2.906547160819172859e-03
2.069067442789673805e-03
2.758756512776017189e-03
1.872013439424335957e-03
2.512438921257853508e-03
2.118330914527177811e-03
1.773486379534006119e-03
2.216857858002185822e-03
1.822749851271510124e-03
1.477905316278338432e-03
1.724222907796502113e-03
8.867431897670030594e-04
7.882161880843341351e-04
1.379378256388008595e-03
3.300655167549848557e-03
