1.999922282993793488e-02
4.745446890592575073e-02
5.413382127881050110e-02
5.374548584222793579e-02
4.757096990942955017e-02
4.120228439569473267e-02
3.957127779722213745e-02
3.630926832556724548e-02
3.273659199476242065e-02
3.133858740329742432e-02
2.893091551959514618e-02
2.469806931912899017e-02
2.345540001988410950e-02
2.034872397780418396e-02
2.077589184045791626e-02
1.883422024548053741e-02
1.910605467855930328e-02
1.751388236880302429e-02
1.483437512069940567e-02
1.557221077382564545e-02
1.374703925102949142e-02
1.390237268060445786e-02
1.401887275278568268e-02
1.285387016832828522e-02
1.168886665254831314e-02
1.180536672472953796e-02
9.863694198429584503e-03
8.970525115728378296e-03
8.854025043547153473e-03
8.854025043547153473e-03
8.931691758334636688e-03
8.426857180893421173e-03
8.310357108712196350e-03
8.388023823499679565e-03
6.368684582412242889e-03
8.077356033027172089e-03
6.640519015491008759e-03
7.261854130774736404e-03
6.640519015491008759e-03
6.019183900207281113e-03
6.213351152837276459e-03
6.912352982908487320e-03
5.786183290183544159e-03
5.048347637057304382e-03
5.708516109734773636e-03
5.980350077152252197e-03
4.970680922269821167e-03
5.708516109734773636e-03
5.320181604474782944e-03
3.922177944332361221e-03
4.893013741821050644e-03
4.698846489191055298e-03
4.582346417009830475e-03
5.863850004971027374e-03
5.397848784923553467e-03
4.815347027033567429e-03
4.155178554356098175e-03
5.009514279663562775e-03
4.155178554356098175e-03
3.728010458871722221e-03
4.543513059616088867e-03
4.854180384427309036e-03
4.582346417009830475e-03
4.271678626537322998e-03
3.844510996714234352e-03
3.922177944332361221e-03
4.427012521773576736e-03
3.650343744084239006e-03
3.805677406489849091e-03
4.077511373907327652e-03
3.766844049096107483e-03
3.456176491454243660e-03
3.844510996714234352e-03
3.184342291206121445e-03
2.485340461134910583e-03
2.563007175922393799e-03
2.135839313268661499e-03
2.951341681182384491e-03
2.834841376170516014e-03
2.368840156123042107e-03
2.252339618280529976e-03
1.941672177053987980e-03
1.475670840591192245e-03
1.281503587961196899e-03
1.747504924423992634e-03
1.281503587961196899e-03
1.398004009388387203e-03
1.475670840591192245e-03
1.436837366782128811e-03
1.242670230567455292e-03
1.514504314400255680e-03
1.009669504128396511e-03
1.320337061770260334e-03
1.165003282949328423e-03
1.708671450614929199e-03
1.242670230567455292e-03
6.213351152837276459e-04
1.320337061770260334e-03
1.048502977937459946e-03
1.320337061770260334e-03
