5.396364629268646240e-02
4.765210673213005066e-02
4.373895376920700073e-02
3.881595656275749207e-02
3.149457275867462158e-02
2.612976543605327606e-02
2.385761216282844543e-02
2.284776605665683746e-02
2.032314985990524292e-02
2.202726528048515320e-02
1.767230406403541565e-02
1.640999689698219299e-02
1.420095935463905334e-02
1.571572758257389069e-02
1.615753583610057831e-02
1.584195904433727264e-02
1.338045950978994370e-02
1.325422897934913635e-02
1.117142103612422943e-02
1.344357524067163467e-02
1.066649798303842545e-02
1.066649798303842545e-02
1.041403692215681076e-02
1.091895997524261475e-02
9.972229599952697754e-03
9.530421346426010132e-03
8.962383493781089783e-03
9.593537077307701111e-03
9.341075085103511810e-03
7.826306857168674469e-03
9.214844554662704468e-03
8.773037232458591461e-03
7.952537387609481812e-03
8.899267762899398804e-03
8.141883648931980133e-03
8.962383493781089783e-03
7.700075861066579819e-03
8.394344709813594818e-03
7.258268073201179504e-03
8.331229910254478455e-03
7.763191126286983490e-03
7.195152807980775833e-03
7.636960595846176147e-03
5.932845175266265869e-03
7.763191126286983490e-03
5.617268383502960205e-03
5.617268383502960205e-03
6.185306701809167862e-03
6.437768228352069855e-03
6.753345020115375519e-03
6.374652963131666183e-03
5.175460595637559891e-03
6.311537697911262512e-03
6.311537697911262512e-03
7.005806546658277512e-03
5.806614644825458527e-03
5.175460595637559891e-03
5.112345330417156219e-03
5.932845175266265869e-03
6.185306701809167862e-03
5.743498913943767548e-03
6.374652963131666183e-03
7.132037542760372162e-03
6.185306701809167862e-03
6.500883493572473526e-03
5.806614644825458527e-03
6.500883493572473526e-03
5.932845175266265869e-03
6.122191436588764191e-03
5.932845175266265869e-03
5.554153118282556534e-03
6.185306701809167862e-03
5.806614644825458527e-03
7.068921811878681183e-03
5.806614644825458527e-03
4.291845485568046570e-03
5.427922122180461884e-03
5.175460595637559891e-03
6.122191436588764191e-03
4.922999069094657898e-03
5.364806856960058212e-03
4.986114799976348877e-03
4.481191746890544891e-03
4.228730220347642899e-03
4.607422277331352234e-03
4.607422277331352234e-03
4.102499224245548248e-03
4.922999069094657898e-03
4.291845485568046570e-03
4.102499224245548248e-03
4.986114799976348877e-03
4.859883803874254227e-03
4.796768538653850555e-03
5.364806856960058212e-03
4.796768538653850555e-03
4.986114799976348877e-03
4.859883803874254227e-03
5.301691591739654541e-03
5.427922122180461884e-03
4.418076016008853912e-03
