3.737307488918304443e-01
7.762856036424636841e-02
4.945954680442810059e-02
3.471994772553443909e-02
2.816901355981826782e-02
2.096298709511756897e-02
2.227317355573177338e-02
1.506714709103107452e-02
1.473960001021623611e-02
8.188666775822639465e-03
1.441205386072397232e-02
6.878480315208435059e-03
8.188666775822639465e-03
1.113658677786588669e-02
9.171307086944580078e-03
6.550933700054883957e-03
5.568293388932943344e-03
7.206026930361986160e-03
7.533573545515537262e-03
4.585653543472290039e-03
6.878480315208435059e-03
4.585653543472290039e-03
7.533573545515537262e-03
5.240746773779392242e-03
2.947920002043247223e-03
4.913200158625841141e-03
6.223386619240045547e-03
3.603013465180993080e-03
3.930560313165187836e-03
1.637733425013720989e-03
3.275466850027441978e-03
2.620373386889696121e-03
3.930560313165187836e-03
3.275466850027441978e-03
1.965280156582593918e-03
6.223386619240045547e-03
2.292826771736145020e-03
3.275466850027441978e-03
4.258106928318738937e-03
2.292826771736145020e-03
3.603013465180993080e-03
4.258106928318738937e-03
3.603013465180993080e-03
3.275466850027441978e-03
2.620373386889696121e-03
2.292826771736145020e-03
2.947920002043247223e-03
2.947920002043247223e-03
9.826400782912969589e-04
4.258106928318738937e-03
3.930560313165187836e-03
3.930560313165187836e-03
2.947920002043247223e-03
2.620373386889696121e-03
3.930560313165187836e-03
3.275466850027441978e-03
2.620373386889696121e-03
1.965280156582593918e-03
3.930560313165187836e-03
3.930560313165187836e-03
2.292826771736145020e-03
3.603013465180993080e-03
2.947920002043247223e-03
9.826400782912969589e-04
1.965280156582593918e-03
3.275466850027441978e-03
1.637733425013720989e-03
3.275466850027441978e-03
2.292826771736145020e-03
3.275466850027441978e-03
1.637733425013720989e-03
1.310186693444848061e-03
2.620373386889696121e-03
2.292826771736145020e-03
4.913200158625841141e-03
2.947920002043247223e-03
2.620373386889696121e-03
1.637733425013720989e-03
2.620373386889696121e-03
2.292826771736145020e-03
1.637733425013720989e-03
2.947920002043247223e-03
5.240746773779392242e-03
5.895840004086494446e-03
1.637733425013720989e-03
4.585653543472290039e-03
3.603013465180993080e-03
2.947920002043247223e-03
1.965280156582593918e-03
4.258106928318738937e-03
4.258106928318738937e-03
2.947920002043247223e-03
4.585653543472290039e-03
3.930560313165187836e-03
1.637733425013720989e-03
2.947920002043247223e-03
6.878480315208435059e-03
5.568293388932943344e-03
5.240746773779392242e-03
5.895840004086494446e-03
