3.421843349933624268e-01
8.670377731323242188e-02
5.463323369622230530e-02
3.684910759329795837e-02
2.734124846756458282e-02
2.477954514324665070e-02
1.975466683506965637e-02
1.615843176841735840e-02
1.576432399451732635e-02
1.315335743129253387e-02
1.261145900934934616e-02
1.266072224825620651e-02
1.029607374221086502e-02
9.409330785274505615e-03
8.621114306151866913e-03
7.093945518136024475e-03
7.537316996604204178e-03
6.749100983142852783e-03
7.340263109654188156e-03
5.960884969681501389e-03
5.862357560545206070e-03
4.926350899040699005e-03
5.714567378163337708e-03
5.468249786645174026e-03
4.630770068615674973e-03
4.975614603608846664e-03
4.433715716004371643e-03
4.630770068615674973e-03
4.236661829054355621e-03
3.793290350586175919e-03
3.941080998629331589e-03
4.039607942104339600e-03
3.842553822323679924e-03
3.891817294061183929e-03
3.891817294061183929e-03
4.236661829054355621e-03
3.891817294061183929e-03
3.448445815593004227e-03
3.103601047769188881e-03
2.955810632556676865e-03
2.364648506045341492e-03
3.349918639287352562e-03
3.103601047769188881e-03
3.152864752337336540e-03
3.251391695812344551e-03
2.758756512776017189e-03
3.005074104294180870e-03
3.005074104294180870e-03
2.758756512776017189e-03
2.610966097563505173e-03
2.758756512776017189e-03
2.364648506045341492e-03
2.709493041038513184e-03
2.955810632556676865e-03
2.808019984513521194e-03
2.709493041038513184e-03
2.709493041038513184e-03
2.463175449520349503e-03
2.069067442789673805e-03
2.216857858002185822e-03
2.709493041038513184e-03
3.054337576031684875e-03
2.561702625826001167e-03
2.167594386264681816e-03
2.364648506045341492e-03
2.216857858002185822e-03
2.610966097563505173e-03
2.315385034307837486e-03
2.364648506045341492e-03
2.413911977782845497e-03
2.512438921257853508e-03
2.561702625826001167e-03
2.463175449520349503e-03
3.005074104294180870e-03
2.955810632556676865e-03
2.364648506045341492e-03
3.054337576031684875e-03
2.857283689081668854e-03
2.857283689081668854e-03
2.808019984513521194e-03
1.970540499314665794e-03
2.364648506045341492e-03
2.955810632556676865e-03
3.990344237536191940e-03
2.857283689081668854e-03
2.758756512776017189e-03
3.054337576031684875e-03
3.349918639287352562e-03
3.645499702543020248e-03
3.054337576031684875e-03
3.546972759068012238e-03
3.596236230805516243e-03
3.448445815593004227e-03
4.335188772529363632e-03
4.384452477097511292e-03
4.482979420572519302e-03
4.482979420572519302e-03
5.468249786645174026e-03
4.778560716658830643e-03
1.261145900934934616e-02
