2.791716158390045166e-01
5.084620043635368347e-02
3.429334983229637146e-02
2.278800494968891144e-02
2.078384719789028168e-02
1.662707887589931488e-02
1.440023723989725113e-02
1.336104515939950943e-02
1.128266006708145142e-02
1.054038014262914658e-02
1.054038014262914658e-02
8.981591090559959412e-03
7.645486854016780853e-03
8.536223322153091431e-03
7.051662541925907135e-03
6.086698267608880997e-03
6.754750385880470276e-03
6.383610423654317856e-03
5.789786111563444138e-03
6.680522579699754715e-03
7.125890813767910004e-03
5.715558305382728577e-03
5.047505721449851990e-03
4.527909681200981140e-03
5.492873955518007278e-03
6.012470461428165436e-03
5.641330033540725708e-03
3.711401484906673431e-03
5.270190071314573288e-03
3.934085369110107422e-03
3.488717367872595787e-03
4.379453603178262711e-03
3.934085369110107422e-03
3.637173445895314217e-03
4.230997525155544281e-03
4.602137953042984009e-03
4.230997525155544281e-03
3.488717367872595787e-03
3.340261289849877357e-03
3.637173445895314217e-03
3.637173445895314217e-03
3.117577172815799713e-03
2.746436977759003639e-03
3.488717367872595787e-03
5.047505721449851990e-03
2.894893055781722069e-03
4.305225796997547150e-03
3.043349133804440498e-03
3.488717367872595787e-03
3.785629523918032646e-03
4.156769718974828720e-03
3.117577172815799713e-03
3.562945406883955002e-03
3.117577172815799713e-03
2.894893055781722069e-03
2.672208938747644424e-03
3.488717367872595787e-03
3.340261289849877357e-03
3.488717367872595787e-03
4.230997525155544281e-03
4.008313640952110291e-03
3.340261289849877357e-03
3.785629523918032646e-03
3.414489328861236572e-03
3.414489328861236572e-03
3.043349133804440498e-03
3.191805211827158928e-03
3.488717367872595787e-03
3.488717367872595787e-03
3.266033250838518143e-03
4.379453603178262711e-03
3.785629523918032646e-03
3.637173445895314217e-03
3.934085369110107422e-03
4.676365759223699570e-03
4.527909681200981140e-03
4.379453603178262711e-03
4.676365759223699570e-03
5.715558305382728577e-03
4.379453603178262711e-03
5.270190071314573288e-03
4.676365759223699570e-03
4.527909681200981140e-03
4.899050109088420868e-03
5.121733993291854858e-03
4.230997525155544281e-03
6.754750385880470276e-03
5.492873955518007278e-03
6.235154345631599426e-03
5.418646149337291718e-03
8.090855553746223450e-03
7.942399010062217712e-03
9.798100218176841736e-03
9.798100218176841736e-03
7.719715125858783722e-03
1.388064119964838028e-02
1.298990473151206970e-02
1.610748283565044403e-02
2.590558119118213654e-02
4.698634147644042969e-02
