2.088034451007843018e-01
4.787707701325416565e-02
3.050771914422512054e-02
2.167458459734916687e-02
1.996733993291854858e-02
1.722090318799018860e-02
1.410332508385181427e-02
1.195071265101432800e-02
1.247030869126319885e-02
1.083729229867458344e-02
9.872327558696269989e-03
9.946555830538272858e-03
9.723871946334838867e-03
9.055819362401962280e-03
7.125890813767910004e-03
8.313539437949657440e-03
7.274346891790628433e-03
6.309382617473602295e-03
5.567102227360010147e-03
6.160926539450883865e-03
5.715558305382728577e-03
6.160926539450883865e-03
6.383610423654317856e-03
5.418646149337291718e-03
6.086698267608880997e-03
4.973277915269136429e-03
5.121733993291854858e-03
4.602137953042984009e-03
5.864014383405447006e-03
5.270190071314573288e-03
4.379453603178262711e-03
5.641330033540725708e-03
4.750594031065702438e-03
5.121733993291854858e-03
4.305225796997547150e-03
3.414489328861236572e-03
3.859857562929391861e-03
5.121733993291854858e-03
4.379453603178262711e-03
4.230997525155544281e-03
4.008313640952110291e-03
4.008313640952110291e-03
3.785629523918032646e-03
4.082541447132825851e-03
4.750594031065702438e-03
4.156769718974828720e-03
2.820665016770362854e-03
2.969121094793081284e-03
3.266033250838518143e-03
4.156769718974828720e-03
3.637173445895314217e-03
4.527909681200981140e-03
4.824821837246417999e-03
4.899050109088420868e-03
4.082541447132825851e-03
3.414489328861236572e-03
4.602137953042984009e-03
3.711401484906673431e-03
4.973277915269136429e-03
4.008313640952110291e-03
4.379453603178262711e-03
4.453681875020265579e-03
4.750594031065702438e-03
3.934085369110107422e-03
3.934085369110107422e-03
4.379453603178262711e-03
5.121733993291854858e-03
3.934085369110107422e-03
5.270190071314573288e-03
4.899050109088420868e-03
5.047505721449851990e-03
4.602137953042984009e-03
4.973277915269136429e-03
4.899050109088420868e-03
5.121733993291854858e-03
5.270190071314573288e-03
6.532066501677036285e-03
5.195961799472570419e-03
5.641330033540725708e-03
6.754750385880470276e-03
6.309382617473602295e-03
5.567102227360010147e-03
6.754750385880470276e-03
5.864014383405447006e-03
6.235154345631599426e-03
6.457838695496320724e-03
6.903206463903188705e-03
7.719715125858783722e-03
6.903206463903188705e-03
8.536223322153091431e-03
8.833135478198528290e-03
9.426959790289402008e-03
1.113420445472002029e-02
1.128266006708145142e-02
1.202494092285633087e-02
1.380641292780637741e-02
1.818586699664592743e-02
2.063539251685142517e-02
2.605403773486614227e-02
4.602137953042984009e-02
