2.231637090444564819e-01
8.872358500957489014e-02
5.749051645398139954e-02
4.054386913776397705e-02
2.995221503078937531e-02
2.522291801869869232e-02
2.295679599046707153e-02
1.867086999118328094e-02
1.704517379403114319e-02
1.453273557126522064e-02
1.492684334516525269e-02
1.379378326237201691e-02
1.256219483911991119e-02
1.187250576913356781e-02
1.182324253022670746e-02
9.852701798081398010e-03
8.571851067245006561e-03
8.719641715288162231e-03
7.438790053129196167e-03
7.488053757697343826e-03
8.424060419201850891e-03
7.340263109654188156e-03
6.502783391624689102e-03
6.749100983142852783e-03
6.453519687056541443e-03
6.207202095538377762e-03
6.256465800106525421e-03
5.369722843170166016e-03
5.960884969681501389e-03
4.729297012090682983e-03
5.517513025552034378e-03
5.123405251652002335e-03
6.059411913156509399e-03
4.680033307522535324e-03
4.433715716004371643e-03
4.285925533622503281e-03
4.877087660133838654e-03
4.039607942104339600e-03
4.630770068615674973e-03
4.335188772529363632e-03
4.482979420572519302e-03
4.729297012090682983e-03
4.236661829054355621e-03
4.335188772529363632e-03
3.399182111024856567e-03
4.039607942104339600e-03
3.054337576031684875e-03
3.251391695812344551e-03
3.694763174280524254e-03
3.399182111024856567e-03
3.448445815593004227e-03
2.857283689081668854e-03
3.842553822323679924e-03
3.645499702543020248e-03
3.546972759068012238e-03
3.546972759068012238e-03
3.349918639287352562e-03
2.413911977782845497e-03
2.808019984513521194e-03
3.744026878848671913e-03
2.906547160819172859e-03
3.645499702543020248e-03
2.808019984513521194e-03
3.694763174280524254e-03
3.694763174280524254e-03
3.054337576031684875e-03
3.497709287330508232e-03
3.694763174280524254e-03
3.300655167549848557e-03
3.448445815593004227e-03
2.857283689081668854e-03
3.448445815593004227e-03
3.448445815593004227e-03
4.088871181011199951e-03
3.202128224074840546e-03
3.103601047769188881e-03
3.941080998629331589e-03
4.088871181011199951e-03
4.039607942104339600e-03
4.384452477097511292e-03
3.349918639287352562e-03
4.285925533622503281e-03
3.744026878848671913e-03
4.384452477097511292e-03
4.088871181011199951e-03
3.694763174280524254e-03
4.680033307522535324e-03
4.138134885579347610e-03
4.187398590147495270e-03
4.630770068615674973e-03
4.236661829054355621e-03
4.335188772529363632e-03
3.497709287330508232e-03
5.369722843170166016e-03
5.418986082077026367e-03
5.468249786645174026e-03
6.059411913156509399e-03
5.714567378163337708e-03
7.734371349215507507e-03
1.147839799523353577e-02
