6.946688145399093628e-02
6.623586267232894897e-02
5.573505535721778870e-02
4.523424804210662842e-02
4.200322926044464111e-02
3.917609155178070068e-02
3.432956337928771973e-02
3.109854646027088165e-02
2.705977298319339752e-02
2.140549197793006897e-02
1.938610710203647614e-02
1.817447505891323090e-02
1.413570251315832138e-02
1.857835240662097931e-02
1.615508832037448883e-02
1.615508832037448883e-02
1.736672036349773407e-02
1.332794874906539917e-02
1.130856201052665710e-02
1.292407140135765076e-02
1.130856201052665710e-02
8.481421507894992828e-03
9.693053551018238068e-03
1.292407140135765076e-02
1.171243935823440552e-02
8.481421507894992828e-03
9.693053551018238068e-03
8.481421507894992828e-03
1.090468466281890869e-02
6.058158352971076965e-03
8.885298855602741241e-03
7.269789930433034897e-03
9.289176203310489655e-03
8.481421507894992828e-03
5.250403657555580139e-03
7.673667278140783310e-03
1.050080731511116028e-02
6.058158352971076965e-03
7.269789930433034897e-03
5.654281005263328552e-03
6.462035700678825378e-03
7.269789930433034897e-03
4.038772080093622208e-03
3.231017850339412689e-03
4.846526775509119034e-03
4.038772080093622208e-03
5.250403657555580139e-03
7.269789930433034897e-03
3.231017850339412689e-03
6.058158352971076965e-03
3.634894965216517448e-03
3.231017850339412689e-03
3.634894965216517448e-03
5.654281005263328552e-03
5.250403657555580139e-03
2.423263387754559517e-03
3.231017850339412689e-03
4.846526775509119034e-03
2.827140502631664276e-03
4.846526775509119034e-03
2.019386040046811104e-03
5.250403657555580139e-03
2.019386040046811104e-03
4.038772080093622208e-03
4.846526775509119034e-03
5.250403657555580139e-03
3.231017850339412689e-03
3.231017850339412689e-03
3.231017850339412689e-03
4.442649427801370621e-03
5.654281005263328552e-03
3.231017850339412689e-03
2.827140502631664276e-03
3.231017850339412689e-03
3.634894965216517448e-03
4.442649427801370621e-03
2.423263387754559517e-03
4.038772080093622208e-03
4.038772080093622208e-03
2.827140502631664276e-03
3.231017850339412689e-03
4.038772080093622208e-03
4.038772080093622208e-03
3.231017850339412689e-03
3.231017850339412689e-03
2.827140502631664276e-03
3.231017850339412689e-03
1.615508925169706345e-03
3.231017850339412689e-03
3.634894965216517448e-03
6.058158352971076965e-03
2.827140502631664276e-03
2.827140502631664276e-03
5.250403657555580139e-03
2.423263387754559517e-03
5.250403657555580139e-03
3.634894965216517448e-03
3.231017850339412689e-03
5.654281005263328552e-03
2.019386040046811104e-03
