4.733796790242195129e-02
7.386121153831481934e-02
7.032736390829086304e-02
6.310434639453887939e-02
5.335715040564537048e-02
4.881363734602928162e-02
3.992078080773353577e-02
3.491126373410224915e-02
3.029008582234382629e-02
2.780474536120891571e-02
2.551357261836528778e-02
2.163022756576538086e-02
2.267873100936412811e-02
1.805755123496055603e-02
1.813521794974803925e-02
1.650421321392059326e-02
1.588287763297557831e-02
1.522270962595939636e-02
1.432954054325819016e-02
1.234903465956449509e-02
1.192186679691076279e-02
1.238786801695823669e-02
9.863694198429584503e-03
8.854025043547153473e-03
9.320026263594627380e-03
7.844355888664722443e-03
7.999689318239688873e-03
7.300687488168478012e-03
7.223020307719707489e-03
6.524018477648496628e-03
8.155022747814655304e-03
7.378354202955961227e-03
6.524018477648496628e-03
6.058017257601022720e-03
5.863850004971027374e-03
6.562851835042238235e-03
6.213351152837276459e-03
5.164848174899816513e-03
4.931847099214792252e-03
5.359014961868524551e-03
5.320181604474782944e-03
5.553182214498519897e-03
4.854180384427309036e-03
4.698846489191055298e-03
5.242514889687299728e-03
5.475515499711036682e-03
4.543513059616088867e-03
4.854180384427309036e-03
4.388179164379835129e-03
4.582346417009830475e-03
4.310511983931064606e-03
4.621179774403572083e-03
4.582346417009830475e-03
3.961011301726102829e-03
4.660013131797313690e-03
4.155178554356098175e-03
3.300842596217989922e-03
3.689177101477980614e-03
4.427012521773576736e-03
3.883344354107975960e-03
3.572676796466112137e-03
3.456176491454243660e-03
2.990175038576126099e-03
3.495009848847985268e-03
3.106675576418638229e-03
3.184342291206121445e-03
2.601840766146779060e-03
3.106675576418638229e-03
3.378509543836116791e-03
3.650343744084239006e-03
3.572676796466112137e-03
2.873674733564257622e-03
3.145508933812379837e-03
2.679507480934262276e-03
2.640674123540520668e-03
3.339676186442375183e-03
2.097005955874919891e-03
2.446506870910525322e-03
2.213506260886788368e-03
2.135839313268661499e-03
2.368840156123042107e-03
1.941672177053987980e-03
2.019339008256793022e-03
1.747504924423992634e-03
1.475670840591192245e-03
1.359170535579323769e-03
1.514504314400255680e-03
1.475670840591192245e-03
1.048502977937459946e-03
1.126169809140264988e-03
1.475670840591192245e-03
1.203836756758391857e-03
1.087336451746523380e-03
1.165003282949328423e-03
1.398004009388387203e-03
8.543357253074645996e-04
8.931691991165280342e-04
1.203836756758391857e-03
1.165003282949328423e-03
1.203836756758391857e-03
