8.028275519609451294e-02
6.166372075676918030e-02
5.169149115681648254e-02
4.209795594215393066e-02
3.427165001630783081e-02
3.023226372897624969e-02
2.594041824340820312e-02
2.379449643194675446e-02
2.139611169695854187e-02
2.044938132166862488e-02
1.754607446491718292e-02
1.603130437433719635e-02
1.647311262786388397e-02
1.571572758257389069e-02
1.521080546081066132e-02
1.331734377890825272e-02
1.331734377890825272e-02
1.420095935463905334e-02
1.136076729744672775e-02
1.161322928965091705e-02
1.104519050568342209e-02
1.003534439951181412e-02
8.899267762899398804e-03
9.972229599952697754e-03
9.404190815985202789e-03
8.331229910254478455e-03
9.530421346426010132e-03
7.889421656727790833e-03
8.394344709813594818e-03
8.268114179372787476e-03
8.015652187168598175e-03
6.942691281437873840e-03
7.952537387609481812e-03
7.195152807980775833e-03
7.700075861066579819e-03
5.364806856960058212e-03
6.879576016217470169e-03
6.374652963131666183e-03
7.510729599744081497e-03
6.311537697911262512e-03
4.986114799976348877e-03
4.922999069094657898e-03
5.743498913943767548e-03
6.059076171368360519e-03
6.879576016217470169e-03
4.733653273433446884e-03
5.806614644825458527e-03
5.049230065196752548e-03
4.986114799976348877e-03
5.238576326519250870e-03
5.364806856960058212e-03
4.544307012110948563e-03
5.112345330417156219e-03
4.859883803874254227e-03
5.491037387400865555e-03
4.922999069094657898e-03
5.554153118282556534e-03
4.859883803874254227e-03
5.680383648723363876e-03
4.291845485568046570e-03
6.437768228352069855e-03
6.185306701809167862e-03
5.680383648723363876e-03
5.680383648723363876e-03
6.059076171368360519e-03
5.932845175266265869e-03
4.607422277331352234e-03
5.364806856960058212e-03
4.922999069094657898e-03
5.554153118282556534e-03
5.995960440486669540e-03
6.122191436588764191e-03
5.806614644825458527e-03
5.617268383502960205e-03
6.059076171368360519e-03
5.301691591739654541e-03
4.418076016008853912e-03
5.238576326519250870e-03
4.859883803874254227e-03
5.049230065196752548e-03
3.786922432482242584e-03
4.544307012110948563e-03
4.859883803874254227e-03
4.859883803874254227e-03
4.291845485568046570e-03
3.092653350904583931e-03
3.723807167261838913e-03
4.607422277331352234e-03
4.165614955127239227e-03
4.481191746890544891e-03
3.786922432482242584e-03
4.418076016008853912e-03
4.102499224245548248e-03
5.491037387400865555e-03
3.471345640718936920e-03
3.913153428584337234e-03
4.986114799976348877e-03
4.986114799976348877e-03
3.976268693804740906e-03
3.850037930533289909e-03
