3.707234859466552734e-01
5.945036560297012329e-02
3.589456155896186829e-02
3.196859359741210938e-02
2.187324687838554382e-02
1.906898431479930878e-02
1.906898431479930878e-02
1.177790202200412750e-02
1.402131281793117523e-02
1.289960741996765137e-02
1.177790202200412750e-02
8.973640389740467072e-03
1.065619755536317825e-02
4.486820194870233536e-03
1.009534485638141632e-02
8.973640389740467072e-03
6.169377360492944717e-03
5.608525127172470093e-03
6.169377360492944717e-03
4.486820194870233536e-03
6.730230059474706650e-03
1.682557514868676662e-03
3.925967495888471603e-03
1.121705048717558384e-03
6.730230059474706650e-03
3.365115029737353325e-03
2.243410097435116768e-03
3.925967495888471603e-03
3.925967495888471603e-03
1.682557514868676662e-03
5.047672428190708160e-03
2.243410097435116768e-03
5.047672428190708160e-03
3.365115029737353325e-03
6.730230059474706650e-03
3.925967495888471603e-03
5.047672428190708160e-03
4.486820194870233536e-03
3.925967495888471603e-03
4.486820194870233536e-03
6.730230059474706650e-03
2.804262563586235046e-03
2.804262563586235046e-03
4.486820194870233536e-03
2.804262563586235046e-03
5.608525243587791920e-04
2.243410097435116768e-03
2.804262563586235046e-03
2.804262563586235046e-03
2.804262563586235046e-03
6.169377360492944717e-03
2.243410097435116768e-03
2.243410097435116768e-03
3.365115029737353325e-03
3.365115029737353325e-03
1.682557514868676662e-03
3.365115029737353325e-03
5.047672428190708160e-03
2.243410097435116768e-03
1.682557514868676662e-03
1.682557514868676662e-03
1.682557514868676662e-03
2.804262563586235046e-03
3.925967495888471603e-03
2.804262563586235046e-03
1.121705048717558384e-03
2.243410097435116768e-03
4.486820194870233536e-03
2.804262563586235046e-03
3.925967495888471603e-03
2.243410097435116768e-03
2.804262563586235046e-03
1.121705048717558384e-03
3.365115029737353325e-03
2.804262563586235046e-03
1.121705048717558384e-03
3.925967495888471603e-03
6.730230059474706650e-03
3.925967495888471603e-03
2.243410097435116768e-03
2.243410097435116768e-03
2.804262563586235046e-03
4.486820194870233536e-03
3.365115029737353325e-03
2.243410097435116768e-03
7.291082292795181274e-03
2.804262563586235046e-03
3.925967495888471603e-03
4.486820194870233536e-03
4.486820194870233536e-03
6.730230059474706650e-03
4.486820194870233536e-03
8.412787690758705139e-03
5.608525127172470093e-03
6.730230059474706650e-03
4.486820194870233536e-03
1.009534485638141632e-02
7.851934991776943207e-03
1.458216458559036255e-02
1.906898431479930878e-02
