3.603013465180993080e-03
2.947920002043247223e-03
9.826400782912969589e-04
1.965280156582593918e-03
1.637733425013720989e-03
1.637733425013720989e-03
2.292826771736145020e-03
1.965280156582593918e-03
1.965280156582593918e-03
1.965280156582593918e-03
3.603013465180993080e-03
2.620373386889696121e-03
1.310186693444848061e-03
1.637733425013720989e-03
2.947920002043247223e-03
2.292826771736145020e-03
6.550933467224240303e-04
1.965280156582593918e-03
1.637733425013720989e-03
9.826400782912969589e-04
1.637733425013720989e-03
9.826400782912969589e-04
1.310186693444848061e-03
2.292826771736145020e-03
1.965280156582593918e-03
1.965280156582593918e-03
1.965280156582593918e-03
1.310186693444848061e-03
2.292826771736145020e-03
1.310186693444848061e-03
1.637733425013720989e-03
1.310186693444848061e-03
9.826400782912969589e-04
1.965280156582593918e-03
1.965280156582593918e-03
9.826400782912969589e-04
1.310186693444848061e-03
1.965280156582593918e-03
2.292826771736145020e-03
1.637733425013720989e-03
1.637733425013720989e-03
2.292826771736145020e-03
2.292826771736145020e-03
2.620373386889696121e-03
1.310186693444848061e-03
3.603013465180993080e-03
9.826400782912969589e-04
2.947920002043247223e-03
1.637733425013720989e-03
2.620373386889696121e-03
9.826400782912969589e-04
1.965280156582593918e-03
2.620373386889696121e-03
2.620373386889696121e-03
2.292826771736145020e-03
2.292826771736145020e-03
3.603013465180993080e-03
1.310186693444848061e-03
2.292826771736145020e-03
2.947920002043247223e-03
2.620373386889696121e-03
2.620373386889696121e-03
2.292826771736145020e-03
4.585653543472290039e-03
2.620373386889696121e-03
2.620373386889696121e-03
1.965280156582593918e-03
3.930560313165187836e-03
4.258106928318738937e-03
2.620373386889696121e-03
3.603013465180993080e-03
5.895840004086494446e-03
2.292826771736145020e-03
4.585653543472290039e-03
4.258106928318738937e-03
4.258106928318738937e-03
2.947920002043247223e-03
5.240746773779392242e-03
6.223386619240045547e-03
4.585653543472290039e-03
4.258106928318738937e-03
4.913200158625841141e-03
6.223386619240045547e-03
8.188666775822639465e-03
8.188666775822639465e-03
8.516213856637477875e-03
1.048149354755878448e-02
6.550933700054883957e-03
1.048149354755878448e-02
1.342941354960203171e-02
1.342941354960203171e-02
1.244677323848009109e-02
1.539469417184591293e-02
2.325581386685371399e-02
2.849656157195568085e-02
3.177202865481376648e-02
3.930560126900672913e-02
6.256141513586044312e-02
9.335080534219741821e-02
4.061578810214996338e-01
