7.067851722240447998e-02
4.967689886689186096e-02
5.210016295313835144e-02
4.644588008522987366e-02
3.998384624719619751e-02
4.402261599898338318e-02
3.069466911256313324e-02
3.352180868387222290e-02
2.544426545500755310e-02
2.302100136876106262e-02
2.221324667334556580e-02
2.625202015042304993e-02
2.302100136876106262e-02
1.817447505891323090e-02
2.221324667334556580e-02
1.413570251315832138e-02
1.413570251315832138e-02
1.252019405364990234e-02
1.494345720857381821e-02
1.534733455628156662e-02
1.130856201052665710e-02
1.171243935823440552e-02
1.292407140135765076e-02
1.252019405364990234e-02
9.693053551018238068e-03
7.269789930433034897e-03
7.269789930433034897e-03
1.090468466281890869e-02
7.269789930433034897e-03
1.009693089872598648e-02
8.077544160187244415e-03
4.846526775509119034e-03
1.090468466281890869e-02
8.077544160187244415e-03
6.462035700678825378e-03
5.654281005263328552e-03
6.462035700678825378e-03
9.693053551018238068e-03
1.171243935823440552e-02
7.673667278140783310e-03
4.442649427801370621e-03
6.865912582725286484e-03
4.846526775509119034e-03
5.654281005263328552e-03
5.250403657555580139e-03
3.634894965216517448e-03
5.654281005263328552e-03
3.634894965216517448e-03
6.462035700678825378e-03
6.865912582725286484e-03
4.846526775509119034e-03
5.250403657555580139e-03
3.634894965216517448e-03
4.038772080093622208e-03
2.423263387754559517e-03
3.634894965216517448e-03
5.250403657555580139e-03
8.885298855602741241e-03
4.038772080093622208e-03
6.865912582725286484e-03
5.250403657555580139e-03
2.827140502631664276e-03
2.423263387754559517e-03
7.673667278140783310e-03
5.250403657555580139e-03
2.423263387754559517e-03
2.423263387754559517e-03
4.442649427801370621e-03
5.250403657555580139e-03
4.038772080093622208e-03
4.442649427801370621e-03
2.423263387754559517e-03
4.442649427801370621e-03
3.231017850339412689e-03
3.634894965216517448e-03
1.615508925169706345e-03
1.211631693877279758e-03
2.423263387754559517e-03
3.634894965216517448e-03
2.019386040046811104e-03
3.231017850339412689e-03
2.423263387754559517e-03
2.423263387754559517e-03
2.019386040046811104e-03
1.615508925169706345e-03
2.019386040046811104e-03
1.615508925169706345e-03
3.231017850339412689e-03
4.038772080093622208e-03
3.231017850339412689e-03
2.827140502631664276e-03
2.019386040046811104e-03
2.827140502631664276e-03
3.231017850339412689e-03
4.442649427801370621e-03
1.615508925169706345e-03
2.423263387754559517e-03
1.211631693877279758e-03
8.077544625848531723e-04
4.038772312924265862e-04
