2.588852941989898682e-01
7.552503794431686401e-02
5.533117800951004028e-02
3.756058216094970703e-02
2.342487871646881104e-02
1.817447505891323090e-02
1.736672036349773407e-02
1.736672036349773407e-02
2.019386179745197296e-02
1.373182516545057297e-02
1.252019405364990234e-02
1.332794874906539917e-02
1.130856201052665710e-02
1.373182516545057297e-02
1.252019405364990234e-02
7.673667278140783310e-03
7.269789930433034897e-03
6.462035700678825378e-03
8.885298855602741241e-03
6.058158352971076965e-03
6.462035700678825378e-03
8.885298855602741241e-03
4.038772080093622208e-03
1.009693089872598648e-02
5.654281005263328552e-03
6.058158352971076965e-03
8.481421507894992828e-03
3.634894965216517448e-03
2.827140502631664276e-03
2.827140502631664276e-03
6.462035700678825378e-03
2.019386040046811104e-03
5.654281005263328552e-03
2.827140502631664276e-03
2.019386040046811104e-03
4.038772080093622208e-03
3.634894965216517448e-03
4.846526775509119034e-03
8.077544625848531723e-04
4.846526775509119034e-03
4.038772080093622208e-03
3.634894965216517448e-03
2.423263387754559517e-03
2.827140502631664276e-03
1.211631693877279758e-03
3.231017850339412689e-03
4.038772080093622208e-03
3.231017850339412689e-03
2.827140502631664276e-03
3.231017850339412689e-03
3.231017850339412689e-03
4.442649427801370621e-03
4.442649427801370621e-03
3.634894965216517448e-03
1.211631693877279758e-03
4.846526775509119034e-03
4.038772080093622208e-03
4.038772080093622208e-03
2.019386040046811104e-03
5.654281005263328552e-03
4.442649427801370621e-03
5.250403657555580139e-03
3.634894965216517448e-03
4.846526775509119034e-03
1.211631693877279758e-03
2.827140502631664276e-03
4.038772080093622208e-03
2.019386040046811104e-03
2.827140502631664276e-03
4.846526775509119034e-03
6.058158352971076965e-03
4.038772080093622208e-03
2.019386040046811104e-03
2.423263387754559517e-03
2.827140502631664276e-03
2.423263387754559517e-03
2.423263387754559517e-03
4.038772080093622208e-03
3.231017850339412689e-03
3.634894965216517448e-03
3.231017850339412689e-03
3.634894965216517448e-03
5.250403657555580139e-03
4.846526775509119034e-03
4.442649427801370621e-03
6.058158352971076965e-03
2.827140502631664276e-03
4.038772080093622208e-03
4.846526775509119034e-03
3.231017850339412689e-03
6.462035700678825378e-03
3.231017850339412689e-03
6.865912582725286484e-03
6.462035700678825378e-03
5.250403657555580139e-03
7.673667278140783310e-03
7.673667278140783310e-03
1.171243935823440552e-02
8.885298855602741241e-03
2.261712402105331421e-02
