2.438016533851623535e-01
4.958677664399147034e-02
3.030303120613098145e-02
2.341597713530063629e-02
1.859504170715808868e-02
2.272727340459823608e-02
1.446281000971794128e-02
1.101928390562534332e-02
1.377410441637039185e-02
1.377410441637039185e-02
1.033057831227779388e-02
9.641873650252819061e-03
6.887052208185195923e-03
4.820936825126409531e-03
4.820936825126409531e-03
8.264462463557720184e-03
8.264462463557720184e-03
9.641873650252819061e-03
6.198347080498933792e-03
4.820936825126409531e-03
2.754820976406335831e-03
4.132231231778860092e-03
4.132231231778860092e-03
2.066115615889430046e-03
6.887052208185195923e-03
3.443526104092597961e-03
3.443526104092597961e-03
4.132231231778860092e-03
2.066115615889430046e-03
4.132231231778860092e-03
4.132231231778860092e-03
3.443526104092597961e-03
2.754820976406335831e-03
2.754820976406335831e-03
6.887052441015839577e-04
3.443526104092597961e-03
4.820936825126409531e-03
4.820936825126409531e-03
2.066115615889430046e-03
3.443526104092597961e-03
1.377410488203167915e-03
2.066115615889430046e-03
4.132231231778860092e-03
2.066115615889430046e-03
1.377410488203167915e-03
6.887052441015839577e-04
2.066115615889430046e-03
2.754820976406335831e-03
2.754820976406335831e-03
4.132231231778860092e-03
2.754820976406335831e-03
3.443526104092597961e-03
3.443526104092597961e-03
2.066115615889430046e-03
4.132231231778860092e-03
4.820936825126409531e-03
2.066115615889430046e-03
3.443526104092597961e-03
5.509641952812671661e-03
2.754820976406335831e-03
6.887052441015839577e-04
1.377410488203167915e-03
1.377410488203167915e-03
2.066115615889430046e-03
2.754820976406335831e-03
8.264462463557720184e-03
6.198347080498933792e-03
2.066115615889430046e-03
2.066115615889430046e-03
5.509641952812671661e-03
3.443526104092597961e-03
2.066115615889430046e-03
3.443526104092597961e-03
3.443526104092597961e-03
2.066115615889430046e-03
2.754820976406335831e-03
4.820936825126409531e-03
6.887052208185195923e-03
3.443526104092597961e-03
3.443526104092597961e-03
5.509641952812671661e-03
5.509641952812671661e-03
3.443526104092597961e-03
3.443526104092597961e-03
6.198347080498933792e-03
8.264462463557720184e-03
4.132231231778860092e-03
8.264462463557720184e-03
6.198347080498933792e-03
4.820936825126409531e-03
1.170798856765031815e-02
6.198347080498933792e-03
6.198347080498933792e-03
1.033057831227779388e-02
1.377410441637039185e-02
1.377410441637039185e-02
1.446281000971794128e-02
1.721763052046298981e-02
3.443526104092597961e-02
1.053718999028205872e-01
