1.805945038795471191e-01
7.627593725919723511e-02
4.374649375677108765e-02
3.309029713273048401e-02
2.860347740352153778e-02
2.019068971276283264e-02
2.131239511072635651e-02
1.626472175121307373e-02
1.738642714917659760e-02
1.570386998355388641e-02
1.514301728457212448e-02
1.570386998355388641e-02
8.412787690758705139e-03
9.534492157399654388e-03
1.009534485638141632e-02
1.009534485638141632e-02
1.009534485638141632e-02
1.177790202200412750e-02
1.009534485638141632e-02
6.730230059474706650e-03
7.851934991776943207e-03
5.047672428190708160e-03
6.169377360492944717e-03
6.730230059474706650e-03
5.047672428190708160e-03
3.925967495888471603e-03
6.169377360492944717e-03
5.047672428190708160e-03
4.486820194870233536e-03
6.169377360492944717e-03
5.047672428190708160e-03
6.730230059474706650e-03
3.365115029737353325e-03
4.486820194870233536e-03
2.804262563586235046e-03
5.047672428190708160e-03
4.486820194870233536e-03
5.608525127172470093e-03
3.925967495888471603e-03
3.365115029737353325e-03
5.608525127172470093e-03
7.291082292795181274e-03
5.608525127172470093e-03
3.365115029737353325e-03
3.365115029737353325e-03
5.047672428190708160e-03
2.804262563586235046e-03
1.682557514868676662e-03
1.009534485638141632e-02
2.804262563586235046e-03
5.047672428190708160e-03
1.682557514868676662e-03
3.365115029737353325e-03
5.047672428190708160e-03
3.925967495888471603e-03
5.608525127172470093e-03
2.804262563586235046e-03
3.925967495888471603e-03
4.486820194870233536e-03
3.925967495888471603e-03
3.365115029737353325e-03
3.365115029737353325e-03
3.365115029737353325e-03
1.682557514868676662e-03
5.608525243587791920e-04
5.047672428190708160e-03
6.730230059474706650e-03
4.486820194870233536e-03
3.365115029737353325e-03
6.169377360492944717e-03
6.730230059474706650e-03
5.608525127172470093e-03
7.291082292795181274e-03
3.925967495888471603e-03
6.169377360492944717e-03
6.169377360492944717e-03
6.169377360492944717e-03
2.804262563586235046e-03
3.925967495888471603e-03
5.047672428190708160e-03
5.047672428190708160e-03
4.486820194870233536e-03
6.169377360492944717e-03
4.486820194870233536e-03
2.804262563586235046e-03
6.730230059474706650e-03
4.486820194870233536e-03
8.412787690758705139e-03
5.608525127172470093e-03
4.486820194870233536e-03
9.534492157399654388e-03
6.169377360492944717e-03
8.412787690758705139e-03
8.412787690758705139e-03
9.534492157399654388e-03
1.121705025434494019e-02
7.851934991776943207e-03
1.289960741996765137e-02
1.346046011894941330e-02
1.794728077948093414e-02
