1.493612825870513916e-01
1.254503726959228516e-01
7.009498775005340576e-02
5.470029637217521667e-02
3.930560126900672913e-02
4.094333574175834656e-02
2.554864063858985901e-02
2.522109448909759521e-02
2.129053324460983276e-02
1.768752001225948334e-02
1.703242771327495575e-02
1.375696063041687012e-02
1.506714709103107452e-02
1.473960001021623611e-02
1.211922708898782730e-02
9.171307086944580078e-03
1.048149354755878448e-02
8.843760006129741669e-03
1.080904062837362289e-02
1.146413385868072510e-02
7.533573545515537262e-03
6.878480315208435059e-03
6.878480315208435059e-03
9.171307086944580078e-03
6.223386619240045547e-03
7.861120626330375671e-03
5.568293388932943344e-03
8.843760006129741669e-03
2.947920002043247223e-03
4.913200158625841141e-03
5.568293388932943344e-03
4.585653543472290039e-03
7.533573545515537262e-03
4.913200158625841141e-03
2.947920002043247223e-03
5.895840004086494446e-03
4.585653543472290039e-03
3.930560313165187836e-03
4.585653543472290039e-03
3.275466850027441978e-03
4.585653543472290039e-03
2.947920002043247223e-03
2.947920002043247223e-03
2.292826771736145020e-03
3.275466850027441978e-03
2.292826771736145020e-03
4.258106928318738937e-03
3.275466850027441978e-03
2.292826771736145020e-03
3.930560313165187836e-03
4.913200158625841141e-03
1.965280156582593918e-03
4.585653543472290039e-03
4.585653543472290039e-03
5.240746773779392242e-03
3.930560313165187836e-03
4.913200158625841141e-03
3.275466850027441978e-03
1.637733425013720989e-03
3.275466850027441978e-03
9.826400782912969589e-04
2.292826771736145020e-03
1.965280156582593918e-03
3.930560313165187836e-03
3.275466850027441978e-03
3.930560313165187836e-03
2.947920002043247223e-03
2.620373386889696121e-03
2.947920002043247223e-03
3.275466850027441978e-03
3.603013465180993080e-03
3.275466850027441978e-03
2.292826771736145020e-03
2.947920002043247223e-03
2.292826771736145020e-03
2.292826771736145020e-03
6.550933700054883957e-03
5.568293388932943344e-03
1.965280156582593918e-03
3.930560313165187836e-03
4.258106928318738937e-03
3.275466850027441978e-03
1.965280156582593918e-03
1.965280156582593918e-03
4.258106928318738937e-03
2.620373386889696121e-03
2.620373386889696121e-03
1.637733425013720989e-03
1.965280156582593918e-03
1.310186693444848061e-03
4.258106928318738937e-03
3.603013465180993080e-03
2.620373386889696121e-03
4.258106928318738937e-03
2.947920002043247223e-03
3.603013465180993080e-03
3.603013465180993080e-03
2.620373386889696121e-03
2.292826771736145020e-03
3.275466850027441978e-03
