9.848485141992568970e-02
2.892562001943588257e-02
2.892562001943588257e-02
2.479338832199573517e-02
2.410468272864818573e-02
2.892562001943588257e-02
2.203856781125068665e-02
1.239669416099786758e-02
1.997245103120803833e-02
1.515151560306549072e-02
1.033057831227779388e-02
1.790633611381053925e-02
1.033057831227779388e-02
9.641873650252819061e-03
1.170798856765031815e-02
1.239669416099786758e-02
1.033057831227779388e-02
9.641873650252819061e-03
1.170798856765031815e-02
8.953168056905269623e-03
7.575757801532745361e-03
5.509641952812671661e-03
1.033057831227779388e-02
1.101928390562534332e-02
8.953168056905269623e-03
6.198347080498933792e-03
6.887052208185195923e-03
5.509641952812671661e-03
8.953168056905269623e-03
3.443526104092597961e-03
4.820936825126409531e-03
4.820936825126409531e-03
4.132231231778860092e-03
8.953168056905269623e-03
9.641873650252819061e-03
8.264462463557720184e-03
8.264462463557720184e-03
6.198347080498933792e-03
6.887052208185195923e-03
3.443526104092597961e-03
7.575757801532745361e-03
9.641873650252819061e-03
6.198347080498933792e-03
6.198347080498933792e-03
8.264462463557720184e-03
4.132231231778860092e-03
6.887052208185195923e-03
2.754820976406335831e-03
6.887052208185195923e-03
5.509641952812671661e-03
8.264462463557720184e-03
8.264462463557720184e-03
3.443526104092597961e-03
5.509641952812671661e-03
8.264462463557720184e-03
9.641873650252819061e-03
4.820936825126409531e-03
8.953168056905269623e-03
4.132231231778860092e-03
1.101928390562534332e-02
5.509641952812671661e-03
8.264462463557720184e-03
2.066115615889430046e-03
5.509641952812671661e-03
4.820936825126409531e-03
3.443526104092597961e-03
6.198347080498933792e-03
5.509641952812671661e-03
6.887052208185195923e-03
8.264462463557720184e-03
8.264462463557720184e-03
4.820936825126409531e-03
8.953168056905269623e-03
6.887052208185195923e-03
6.198347080498933792e-03
4.820936825126409531e-03
8.953168056905269623e-03
6.198347080498933792e-03
6.887052208185195923e-03
9.641873650252819061e-03
1.033057831227779388e-02
7.575757801532745361e-03
6.887052208185195923e-03
8.953168056905269623e-03
7.575757801532745361e-03
6.887052208185195923e-03
8.264462463557720184e-03
8.953168056905269623e-03
8.264462463557720184e-03
8.953168056905269623e-03
7.575757801532745361e-03
8.264462463557720184e-03
1.239669416099786758e-02
7.575757801532745361e-03
1.101928390562534332e-02
8.264462463557720184e-03
1.377410441637039185e-02
1.239669416099786758e-02
1.170798856765031815e-02
3.443526104092597961e-03
