4.402261599898338318e-02
4.038772359490394592e-02
3.473344072699546814e-02
3.998384624719619751e-02
3.432956337928771973e-02
3.352180868387222290e-02
2.827140502631664276e-02
2.948303706943988800e-02
2.786752767860889435e-02
2.867528237402439117e-02
2.463651075959205627e-02
2.059773914515972137e-02
2.584814280271530151e-02
2.544426545500755310e-02
2.180936932563781738e-02
1.534733455628156662e-02
1.332794874906539917e-02
1.696284301578998566e-02
1.332794874906539917e-02
1.211631670594215393e-02
8.077544160187244415e-03
1.211631670594215393e-02
1.130856201052665710e-02
1.332794874906539917e-02
1.009693089872598648e-02
1.453957986086606979e-02
1.292407140135765076e-02
1.171243935823440552e-02
8.077544160187244415e-03
8.077544160187244415e-03
6.462035700678825378e-03
9.693053551018238068e-03
7.269789930433034897e-03
8.077544160187244415e-03
8.077544160187244415e-03
9.693053551018238068e-03
5.654281005263328552e-03
1.171243935823440552e-02
6.865912582725286484e-03
9.693053551018238068e-03
8.481421507894992828e-03
8.077544160187244415e-03
6.865912582725286484e-03
7.269789930433034897e-03
7.673667278140783310e-03
6.462035700678825378e-03
5.654281005263328552e-03
9.289176203310489655e-03
4.846526775509119034e-03
8.077544160187244415e-03
6.058158352971076965e-03
7.269789930433034897e-03
8.077544160187244415e-03
4.038772080093622208e-03
6.462035700678825378e-03
6.058158352971076965e-03
4.846526775509119034e-03
5.250403657555580139e-03
6.058158352971076965e-03
6.058158352971076965e-03
5.654281005263328552e-03
4.442649427801370621e-03
5.250403657555580139e-03
6.058158352971076965e-03
5.654281005263328552e-03
5.654281005263328552e-03
4.846526775509119034e-03
5.654281005263328552e-03
3.231017850339412689e-03
3.231017850339412689e-03
5.250403657555580139e-03
3.634894965216517448e-03
3.231017850339412689e-03
6.058158352971076965e-03
4.442649427801370621e-03
4.442649427801370621e-03
3.634894965216517448e-03
3.634894965216517448e-03
3.634894965216517448e-03
2.827140502631664276e-03
3.231017850339412689e-03
4.038772080093622208e-03
4.846526775509119034e-03
5.250403657555580139e-03
2.827140502631664276e-03
1.615508925169706345e-03
3.231017850339412689e-03
2.019386040046811104e-03
3.231017850339412689e-03
2.423263387754559517e-03
8.077544625848531723e-04
2.019386040046811104e-03
2.423263387754559517e-03
2.827140502631664276e-03
5.654281005263328552e-03
2.019386040046811104e-03
1.615508925169706345e-03
4.038772312924265862e-04
2.019386040046811104e-03
0.000000000000000000e+00
