1.367891952395439148e-02
1.058243811130523682e-01
1.405735611915588379e-01
1.159160360693931580e-01
8.847935497760772705e-02
6.642357259988784790e-02
5.193653330206871033e-02
4.286981374025344849e-02
3.289642184972763062e-02
2.885581925511360168e-02
2.278506010770797729e-02
1.994678191840648651e-02
1.819256879389286041e-02
1.639893651008605957e-02
1.616241224110126495e-02
1.206267904490232468e-02
1.123484782874584198e-02
1.109687611460685730e-02
9.263821877539157867e-03
8.751355111598968506e-03
8.081206120550632477e-03
6.800039205700159073e-03
6.267862394452095032e-03
6.464965175837278366e-03
5.676554515957832336e-03
5.282349418848752975e-03
4.612200427800416946e-03
4.513649269938468933e-03
3.863210789859294891e-03
3.705528797581791878e-03
3.193062031641602516e-03
3.685818519443273544e-03
3.232482587918639183e-03
3.350744023919105530e-03
3.331033745780587196e-03
3.035379806533455849e-03
2.779146656394004822e-03
2.404651604592800140e-03
2.582043875008821487e-03
2.720015821978449821e-03
2.365231048315763474e-03
2.798856701701879501e-03
2.010446507483720779e-03
2.049867063760757446e-03
1.773923286236822605e-03
2.522913273423910141e-03
1.971025951206684113e-03
2.108997665345668793e-03
2.187838777899742126e-03
1.911895116791129112e-03
1.931605394929647446e-03
1.675372011959552765e-03
1.931605394929647446e-03
2.010446507483720779e-03
1.813343842513859272e-03
1.734502846375107765e-03
1.576820737682282925e-03
1.458559185266494751e-03
1.793633564375340939e-03
1.517689903266727924e-03
1.576820737682282925e-03
1.557110459543764591e-03
1.261456636711955070e-03
1.971025951206684113e-03
1.320587354712188244e-03
1.537400181405246258e-03
1.241746358573436737e-03
1.320587354712188244e-03
1.399428350850939751e-03
1.360007910989224911e-03
1.517689903266727924e-03
9.460924193263053894e-04
9.855129756033420563e-04
1.281166798435151577e-03
1.084064249880611897e-03
1.044643693603575230e-03
1.202325802296400070e-03
1.123484806157648563e-03
9.658026974648237228e-04
1.182615524157881737e-03
8.672514231875538826e-04
6.701488164253532887e-04
1.103774528019130230e-03
6.898590945638716221e-04
8.278308669105172157e-04
8.869616431184113026e-04
6.898590945638716221e-04
6.898590945638716221e-04
6.110180402174592018e-04
7.292795926332473755e-04
4.139154334552586079e-04
4.927564878016710281e-04
5.518872640095651150e-04
6.898590945638716221e-04
7.292795926332473755e-04
7.489898707717657089e-04
7.292795926332473755e-04
6.898590945638716221e-04
1.024933531880378723e-03
2.207549056038260460e-03
