4.274492338299751282e-02
7.773953676223754883e-02
6.836035102605819702e-02
5.614376068115234375e-02
4.726374521851539612e-02
3.848882019519805908e-02
3.236738964915275574e-02
2.695531025528907776e-02
2.487980388104915619e-02
2.191104181110858917e-02
2.043979801237583160e-02
1.823293045163154602e-02
1.634132862091064453e-02
1.710322313010692596e-02
1.487008389085531235e-02
1.368783321231603622e-02
1.242676656693220139e-02
1.324120536446571350e-02
1.161232683807611465e-02
1.192759349942207336e-02
1.024617068469524384e-02
9.484276175498962402e-03
9.536820463836193085e-03
8.249481208622455597e-03
8.669836446642875671e-03
8.170664310455322266e-03
7.881670258939266205e-03
7.986758835613727570e-03
6.436697207391262054e-03
7.592675276100635529e-03
6.489241495728492737e-03
6.646874826401472092e-03
6.384152453392744064e-03
6.673146970570087433e-03
6.384152453392744064e-03
5.990068893879652023e-03
5.884980317205190659e-03
5.832435563206672668e-03
5.937524605542421341e-03
5.963796749711036682e-03
6.095157936215400696e-03
5.701074376702308655e-03
5.622257944196462631e-03
5.306990817189216614e-03
5.832435563206672668e-03
5.990068893879652023e-03
5.017996300011873245e-03
5.123085342347621918e-03
5.543441046029329300e-03
5.333263427019119263e-03
5.333263427019119263e-03
5.359535571187734604e-03
4.991724155843257904e-03
5.412079859524965286e-03
5.464624613523483276e-03
5.306990817189216614e-03
5.280718673020601273e-03
5.438352003693580627e-03
4.755273927003145218e-03
4.440007265657186508e-03
4.623913206160068512e-03
4.413735121488571167e-03
4.860362969338893890e-03
4.282373934984207153e-03
4.729001782834529877e-03
4.676457494497299194e-03
4.834090825170278549e-03
4.545096307992935181e-03
4.072196315973997116e-03
4.597640596330165863e-03
4.571368452161550522e-03
3.546751337125897408e-03
4.045923706144094467e-03
3.835746087133884430e-03
4.860362969338893890e-03
3.940835129469633102e-03
3.888290375471115112e-03
3.993379417806863785e-03
3.546751337125897408e-03
3.756929188966751099e-03
4.440007265657186508e-03
3.704384900629520416e-03
3.809473710134625435e-03
3.100123489275574684e-03
3.573023714125156403e-03
3.231484675779938698e-03
2.968762302771210670e-03
3.073851345106959343e-03
2.784856595098972321e-03
3.441662527620792389e-03
3.573023714125156403e-03
3.914562519639730453e-03
3.967107273638248444e-03
3.730657044798135757e-03
3.940835129469633102e-03
4.124740604311227798e-03
3.494207048788666725e-03
3.625568235293030739e-03
3.914562519639730453e-03
5.438352003693580627e-03
