1.491211950778961182e-01
8.651446551084518433e-02
6.092530861496925354e-02
4.327036812901496887e-02
3.486325219273567200e-02
2.834773994982242584e-02
2.469589933753013611e-02
2.041352540254592896e-02
2.001944184303283691e-02
1.849565282464027405e-02
1.560570672154426575e-02
1.605233363807201385e-02
1.444972772151231766e-02
1.205895468592643738e-02
1.163859944790601730e-02
1.069279853254556656e-02
9.720725938677787781e-03
1.108688209205865860e-02
8.485930971801280975e-03
7.986758835613727570e-03
8.354569785296916962e-03
8.696109056472778320e-03
7.119775284081697464e-03
7.487586233764886856e-03
7.487586233764886856e-03
6.935869343578815460e-03
7.618947420269250870e-03
6.436697207391262054e-03
6.279063876718282700e-03
5.779891274869441986e-03
6.016341503709554672e-03
6.068885792046785355e-03
5.595985800027847290e-03
5.385807715356349945e-03
5.306990817189216614e-03
4.623913206160068512e-03
4.623913206160068512e-03
4.623913206160068512e-03
4.939179867506027222e-03
5.044268909841775894e-03
4.702729638665914536e-03
4.440007265657186508e-03
4.518824163824319839e-03
4.886635113507509232e-03
4.466279409825801849e-03
4.387462977319955826e-03
3.756929188966751099e-03
3.756929188966751099e-03
3.704384900629520416e-03
3.967107273638248444e-03
3.704384900629520416e-03
3.100123489275574684e-03
3.310301341116428375e-03
3.546751337125897408e-03
3.756929188966751099e-03
3.152668010443449020e-03
3.441662527620792389e-03
4.045923706144094467e-03
3.494207048788666725e-03
3.730657044798135757e-03
3.940835129469633102e-03
3.862018231302499771e-03
3.152668010443449020e-03
3.967107273638248444e-03
3.862018231302499771e-03
4.124740604311227798e-03
3.100123489275574684e-03
3.284029196947813034e-03
3.284029196947813034e-03
3.888290375471115112e-03
3.599295858293771744e-03
3.809473710134625435e-03
3.756929188966751099e-03
3.756929188966751099e-03
3.625568235293030739e-03
3.467934671789407730e-03
3.441662527620792389e-03
4.098468460142612457e-03
4.492552019655704498e-03
3.888290375471115112e-03
3.678112523630261421e-03
4.334918223321437836e-03
4.203557036817073822e-03
4.308646079152822495e-03
4.623913206160068512e-03
4.229829646646976471e-03
5.096813198179006577e-03
4.518824163824319839e-03
4.650185350328683853e-03
5.044268909841775894e-03
4.729001782834529877e-03
5.595985800027847290e-03
5.753619130700826645e-03
6.226519122719764709e-03
5.779891274869441986e-03
6.620602682232856750e-03
7.224863860756158829e-03
8.853742852807044983e-03
1.037753187119960785e-02
1.300475560128688812e-02
