1.972602754831314087e-01
1.542524844408035278e-01
9.527939558029174805e-02
6.725140661001205444e-02
4.957130178809165955e-02
3.884892165660858154e-02
3.195032849907875061e-02
2.528826333582401276e-02
2.241056412458419800e-02
2.081403322517871857e-02
1.742387004196643829e-02
1.507834810763597488e-02
1.419138628989458084e-02
1.243717316538095474e-02
1.145166065543889999e-02
9.855129756033420563e-03
8.790775202214717865e-03
8.633093908429145813e-03
8.258598856627941132e-03
7.588449865579605103e-03
7.233665324747562408e-03
6.425544619560241699e-03
5.479452200233936310e-03
5.302059929817914963e-03
4.907854367047548294e-03
4.434808157384395599e-03
4.474228713661432266e-03
4.592490382492542267e-03
4.099734127521514893e-03
3.764659399166703224e-03
3.449295414611697197e-03
3.744949353858828545e-03
3.547846572473645210e-03
3.311323467642068863e-03
2.956538926810026169e-03
2.660884987562894821e-03
2.857987536117434502e-03
2.818566979840397835e-03
2.246969612315297127e-03
2.542623551562428474e-03
2.384941326454281807e-03
2.306100213900208473e-03
2.818566979840397835e-03
1.793633564375340939e-03
2.345520770177245140e-03
2.325810492038726807e-03
1.892184838652610779e-03
1.990736229345202446e-03
2.246969612315297127e-03
1.852764398790895939e-03
1.616241293959319592e-03
1.813343842513859272e-03
1.517689903266727924e-03
1.990736229345202446e-03
1.852764398790895939e-03
1.714792568236589432e-03
1.596531015820801258e-03
1.419138628989458084e-03
1.596531015820801258e-03
1.379718189127743244e-03
1.557110459543764591e-03
1.340297632850706577e-03
1.300877076573669910e-03
1.419138628989458084e-03
1.458559185266494751e-03
1.360007910989224911e-03
1.320587354712188244e-03
1.635951455682516098e-03
1.281166798435151577e-03
1.300877076573669910e-03
1.438848907127976418e-03
1.576820737682282925e-03
1.222036080434918404e-03
1.320587354712188244e-03
1.360007910989224911e-03
1.379718189127743244e-03
1.557110459543764591e-03
1.320587354712188244e-03
1.300877076573669910e-03
1.300877076573669910e-03
1.419138628989458084e-03
1.360007910989224911e-03
1.399428350850939751e-03
1.162905246019363403e-03
1.202325802296400070e-03
1.320587354712188244e-03
1.734502846375107765e-03
1.517689903266727924e-03
1.438848907127976418e-03
1.438848907127976418e-03
1.833054120652377605e-03
1.793633564375340939e-03
1.419138628989458084e-03
1.320587354712188244e-03
1.754213124513626099e-03
2.128707943484187126e-03
2.049867063760757446e-03
2.562333596870303154e-03
2.936828648671507835e-03
4.513649269938468933e-03
