1.021873280405998230e-01
6.970274448394775391e-02
4.520471021533012390e-02
4.524957761168479919e-02
4.201906919479370117e-02
3.912506997585296631e-02
3.353897854685783386e-02
2.662927657365798950e-02
2.328659594058990479e-02
1.989904604852199554e-02
1.680314168334007263e-02
1.749859750270843506e-02
1.438025757670402527e-02
1.462703291326761246e-02
1.404374651610851288e-02
1.316881645470857620e-02
1.289960741996765137e-02
1.195737533271312714e-02
9.512058459222316742e-03
1.132922060787677765e-02
1.040942221879959106e-02
1.058889552950859070e-02
9.399888105690479279e-03
1.007291115820407867e-02
1.029725186526775360e-02
1.031968556344509125e-02
9.197981096804141998e-03
9.422321803867816925e-03
8.480089716613292694e-03
8.502523414790630341e-03
8.345484733581542969e-03
8.300617337226867676e-03
8.076275698840618134e-03
8.390353061258792877e-03
7.291082292795181274e-03
7.246214430779218674e-03
6.977004930377006531e-03
6.505888886749744415e-03
7.268648128956556320e-03
7.111609447747468948e-03
5.765563808381557465e-03
6.752664223313331604e-03
5.698261316865682602e-03
5.989904515445232391e-03
6.259114015847444534e-03
5.451486445963382721e-03
6.236679852008819580e-03
6.034772843122482300e-03
5.541222635656595230e-03
5.204711109399795532e-03
5.630958825349807739e-03
5.406618118286132812e-03
5.316881462931632996e-03
5.272013600915670395e-03
5.541222635656595230e-03
5.384183954447507858e-03
5.137409083545207977e-03
4.823331255465745926e-03
5.047672428190708160e-03
4.935502074658870697e-03
4.374649375677108765e-03
4.105440340936183929e-03
4.083006177097558975e-03
4.015703685581684113e-03
4.195176530629396439e-03
3.499719547107815742e-03
3.836231073364615440e-03
3.768928814679384232e-03
3.320246702060103416e-03
3.791362978518009186e-03
3.701626555994153023e-03
3.499719547107815742e-03
3.230510279536247253e-03
3.432417288422584534e-03
3.230510279536247253e-03
3.611890133470296860e-03
3.387548960745334625e-03
3.252944443374872208e-03
2.938867080956697464e-03
2.355580450966954231e-03
2.871564822271466255e-03
3.297812771052122116e-03
2.826696494594216347e-03
2.535053296014666557e-03
2.759394235908985138e-03
3.028603503480553627e-03
3.208076348528265953e-03
2.804262563586235046e-03
3.567021805793046951e-03
3.095905762165784836e-03
3.297812771052122116e-03
2.826696494594216347e-03
2.759394235908985138e-03
2.759394235908985138e-03
2.736960072070360184e-03
3.365115029737353325e-03
3.140774089843034744e-03
3.342680865898728371e-03
3.387548960745334625e-03
4.060572013258934021e-03
