7.976569235324859619e-02
1.309233158826828003e-01
7.939476519823074341e-02
6.724676489830017090e-02
5.917900428175926208e-02
4.993663355708122253e-02
4.364625364542007446e-02
3.339927643537521362e-02
2.839170396327972412e-02
2.386325038969516754e-02
2.063305675983428955e-02
1.806744746863842010e-02
1.656826771795749664e-02
1.452814415097236633e-02
1.440450083464384079e-02
1.332261785864830017e-02
1.237983349710702896e-02
1.236437819898128510e-02
1.224073488265275955e-02
1.139068324118852615e-02
1.061790995299816132e-02
1.037062238901853561e-02
8.624154143035411835e-03
8.500509895384311676e-03
9.056907147169113159e-03
8.577787317335605621e-03
8.222311735153198242e-03
7.665914483368396759e-03
7.155884057283401489e-03
7.310438435524702072e-03
7.171339355409145355e-03
7.418626919388771057e-03
6.754041649401187897e-03
6.475843023508787155e-03
5.502148531377315521e-03
5.703069269657135010e-03
5.440326407551765442e-03
5.424871109426021576e-03
5.053939763456583023e-03
4.853018559515476227e-03
4.914840217679738998e-03
4.914840217679738998e-03
4.142066929489374161e-03
4.064789507538080215e-03
4.033878445625305176e-03
3.972056321799755096e-03
3.632036037743091583e-03
3.292015753686428070e-03
3.755679819732904434e-03
3.029272658750414848e-03
3.523847786709666252e-03
3.369293175637722015e-03
3.060183720663189888e-03
2.781985094770789146e-03
2.812896156683564186e-03
2.751074265688657761e-03
2.411053748801350594e-03
2.395598217844963074e-03
2.488331170752644539e-03
2.194677246734499931e-03
2.210132544860243797e-03
1.962844980880618095e-03
2.210132544860243797e-03
2.225588075816631317e-03
1.916478620842099190e-03
1.761923893354833126e-03
1.808290369808673859e-03
1.483725383877754211e-03
1.375537132844328880e-03
1.499180914834141731e-03
1.066427677869796753e-03
1.622824696823954582e-03
1.282804296351969242e-03
1.174615928903222084e-03
1.128249568864703178e-03
9.891502559185028076e-04
1.236437819898128510e-03
1.159160514362156391e-03
1.112794037908315659e-03
8.809619466774165630e-04
1.050972146913409233e-03
9.118728921748697758e-04
7.882291101850569248e-04
1.035516732372343540e-03
9.118728921748697758e-04
8.036845829337835312e-04
5.409415462054312229e-04
6.800408009439706802e-04
6.336743826977908611e-04
6.182189099490642548e-04
5.409415462054312229e-04
6.027634372003376484e-04
5.718524917028844357e-04
4.791196552105247974e-04
4.636641824617981911e-04
5.100306007079780102e-04
4.945751279592514038e-04
5.873079644516110420e-04
8.345955284312367439e-04
1.746468478813767433e-03
