1.057094782590866089e-01
7.421199977397918701e-02
6.292764842510223389e-02
5.265283212065696716e-02
4.208637028932571411e-02
3.208076208829879761e-02
2.833426743745803833e-02
2.505888976156711578e-02
2.364554069936275482e-02
2.063937112689018250e-02
1.931576058268547058e-02
1.599551364779472351e-02
1.617498509585857391e-02
1.599551364779472351e-02
1.514301728457212448e-02
1.346046011894941330e-02
1.278743706643581390e-02
1.269770041108131409e-02
1.256309635937213898e-02
1.083566993474960327e-02
1.148625928908586502e-02
1.141895726323127747e-02
1.144139096140861511e-02
1.061132922768592834e-02
9.175546467304229736e-03
1.025238353759050369e-02
8.973640389740467072e-03
9.332585148513317108e-03
8.839035406708717346e-03
8.166012354195117950e-03
8.008973672986030579e-03
8.053842000663280487e-03
7.919237017631530762e-03
7.156477775424718857e-03
6.932137068361043930e-03
6.999439094215631485e-03
6.909702904522418976e-03
6.618059240281581879e-03
6.303981877863407135e-03
6.236679852008819580e-03
5.855299998074769974e-03
5.787997972220182419e-03
6.146943196654319763e-03
6.057207006961107254e-03
5.787997972220182419e-03
5.720695480704307556e-03
5.451486445963382721e-03
4.643858876079320908e-03
4.666292574256658554e-03
4.935502074658870697e-03
5.002804100513458252e-03
3.836231073364615440e-03
4.486820194870233536e-03
4.217610694468021393e-03
4.397083539515733719e-03
4.419517703354358673e-03
4.284913185983896255e-03
4.374649375677108765e-03
4.240044858306646347e-03
3.477285383269190788e-03
3.208076348528265953e-03
3.499719547107815742e-03
3.409983124583959579e-03
4.083006177097558975e-03
3.409983124583959579e-03
3.611890133470296860e-03
3.297812771052122116e-03
3.499719547107815742e-03
3.028603503480553627e-03
3.230510279536247253e-03
3.252944443374872208e-03
2.871564822271466255e-03
3.073471598327159882e-03
3.118339926004409790e-03
3.320246702060103416e-03
3.342680865898728371e-03
3.724060487002134323e-03
3.252944443374872208e-03
3.118339926004409790e-03
3.409983124583959579e-03
2.938867080956697464e-03
3.095905762165784836e-03
3.140774089843034744e-03
2.400448778644204140e-03
3.006169339641928673e-03
2.624789718538522720e-03
2.355580450966954231e-03
2.759394235908985138e-03
2.624789718538522720e-03
2.781828399747610092e-03
2.714526141062378883e-03
2.041503088548779488e-03
2.445316873490810394e-03
2.310712356120347977e-03
2.512619132176041603e-03
2.041503088548779488e-03
1.996634993702173233e-03
2.220975933596491814e-03
2.220975933596491814e-03
4.060572013258934021e-03
