7.421717792749404907e-02
1.301041692495346069e-01
1.152514591813087463e-01
8.452598005533218384e-02
5.882352963089942932e-02
4.509906843304634094e-02
3.794318437576293945e-02
3.307471051812171936e-02
2.831442654132843018e-02
2.403325960040092468e-02
2.214769273996353149e-02
1.896386593580245972e-02
1.664554327726364136e-02
1.666099950671195984e-02
1.435813400894403458e-02
1.426540128886699677e-02
1.329170633107423782e-02
1.253438834100961685e-02
1.125158462673425674e-02
1.088065281510353088e-02
1.066427584737539291e-02
9.922413155436515808e-03
8.747797459363937378e-03
8.624154143035411835e-03
7.944112643599510193e-03
8.175944909453392029e-03
7.480449043214321136e-03
6.846774369478225708e-03
6.089456379413604736e-03
6.274921819567680359e-03
6.012178957462310791e-03
5.146672483533620834e-03
4.729374777525663376e-03
5.254860967397689819e-03
4.683008417487144470e-03
4.033878445625305176e-03
4.002967383712530136e-03
4.497542511671781540e-03
3.817501710727810860e-03
3.446570364758372307e-03
3.662947099655866623e-03
3.678402630612254143e-03
3.214738331735134125e-03
3.956601023674011230e-03
3.060183720663189888e-03
2.936539938673377037e-03
2.905628876760601997e-03
2.534697530791163445e-03
2.921084407716989517e-03
2.395598217844963074e-03
2.488331170752644539e-03
2.349231857806444168e-03
2.287409966811537743e-03
1.901023206301033497e-03
2.241043606773018837e-03
2.457420108839869499e-03
2.132855355739593506e-03
1.777379424311220646e-03
2.009211573749780655e-03
1.885567675344645977e-03
1.591913751326501369e-03
1.267348765395581722e-03
1.746468478813767433e-03
1.638280111365020275e-03
1.390992547385394573e-03
1.437359023839235306e-03
1.329170656390488148e-03
1.282804296351969242e-03
1.499180914834141731e-03
1.329170656390488148e-03
1.267348765395581722e-03
1.329170656390488148e-03
1.251893350854516029e-03
1.236437819898128510e-03
1.236437819898128510e-03
9.273283649235963821e-04
1.097338623367249966e-03
1.128249568864703178e-03
9.427838376723229885e-04
1.159160514362156391e-03
1.159160514362156391e-03
8.964174194261431694e-04
8.964174194261431694e-04
6.336743826977908611e-04
6.027634372003376484e-04
6.336743826977908611e-04
6.491298554465174675e-04
4.636641824617981911e-04
6.027634372003376484e-04
5.409415462054312229e-04
4.482087097130715847e-04
4.327532369643449783e-04
3.554758732207119465e-04
4.172977642156183720e-04
3.554758732207119465e-04
3.554758732207119465e-04
3.245649277232587337e-04
5.254860734567046165e-04
6.027634372003376484e-04
1.437359023839235306e-03
