8.083005994558334351e-02
7.591699063777923584e-02
6.117779016494750977e-02
5.117218196392059326e-02
4.163768887519836426e-02
3.492989391088485718e-02
3.019629791378974915e-02
2.550757117569446564e-02
2.124509215354919434e-02
1.882220990955829620e-02
1.579360663890838623e-02
1.543466094881296158e-02
1.494111027568578720e-02
1.397644449025392532e-02
1.363993249833583832e-02
1.231632102280855179e-02
1.180033665150403976e-02
1.215928234159946442e-02
1.157599594444036484e-02
1.251822803169488907e-02
1.061132922768592834e-02
1.202467735856771469e-02
1.193494070321321487e-02
1.049915887415409088e-02
9.646662510931491852e-03
8.951205760240554810e-03
9.332585148513317108e-03
8.188446052372455597e-03
8.704430423676967621e-03
9.220414794981479645e-03
8.233314380049705505e-03
8.412787690758705139e-03
7.672462146729230881e-03
7.874368689954280853e-03
7.156477775424718857e-03
7.021873258054256439e-03
6.528323050588369370e-03
5.900168325752019882e-03
6.752664223313331604e-03
5.810431670397520065e-03
6.371284369379281998e-03
6.259114015847444534e-03
5.787997972220182419e-03
5.698261316865682602e-03
5.586090963333845139e-03
5.698261316865682602e-03
5.675827153027057648e-03
5.877734161913394928e-03
5.272013600915670395e-03
4.531688056886196136e-03
5.114974919706583023e-03
4.217610694468021393e-03
4.688726738095283508e-03
4.756029229611158371e-03
5.137409083545207977e-03
4.980369936674833298e-03
4.621424712240695953e-03
4.397083539515733719e-03
4.823331255465745926e-03
4.800897557288408279e-03
4.060572013258934021e-03
4.711160901933908463e-03
3.948401659727096558e-03
4.038137849420309067e-03
3.903533332049846649e-03
4.262479022145271301e-03
4.419517703354358673e-03
4.509253893047571182e-03
3.993269987404346466e-03
4.240044858306646347e-03
3.948401659727096558e-03
3.544587874785065651e-03
3.791362978518009186e-03
3.791362978518009186e-03
3.948401659727096558e-03
4.172742366790771484e-03
4.060572013258934021e-03
3.701626555994153023e-03
3.544587874785065651e-03
3.858665237203240395e-03
4.105440340936183929e-03
3.903533332049846649e-03
3.252944443374872208e-03
3.365115029737353325e-03
3.634324064478278160e-03
3.881099168211221695e-03
3.544587874785065651e-03
3.409983124583959579e-03
2.826696494594216347e-03
3.185642184689640999e-03
2.871564822271466255e-03
3.006169339641928673e-03
3.409983124583959579e-03
3.454851452261209488e-03
3.208076348528265953e-03
2.961301244795322418e-03
3.252944443374872208e-03
3.140774089843034744e-03
3.477285383269190788e-03
5.294447764754295349e-03
