3.494482487440109253e-02
1.361163556575775146e-01
1.110166609287261963e-01
8.162035048007965088e-02
6.253284215927124023e-02
4.747921228408813477e-02
4.044697061181068420e-02
3.135915473103523254e-02
2.509968727827072144e-02
2.242589183151721954e-02
1.967481710016727448e-02
1.825291290879249573e-02
1.584186032414436340e-02
1.499180868268013000e-02
1.468269899487495422e-02
1.302896346896886826e-02
1.352353859692811966e-02
1.296714134514331818e-02
1.125158462673425674e-02
1.120521780103445053e-02
1.111248508095741272e-02
1.066427584737539291e-02
9.458749555051326752e-03
8.886897005140781403e-03
8.763252757489681244e-03
8.145034313201904297e-03
7.897746749222278595e-03
7.341349497437477112e-03
7.016784511506557465e-03
6.692219525575637817e-03
6.661308929324150085e-03
6.259466521441936493e-03
6.321288179606199265e-03
5.594881251454353333e-03
5.254860967397689819e-03
4.713919013738632202e-03
4.358443431556224823e-03
4.868473857641220093e-03
4.976662341505289078e-03
3.956601023674011230e-03
3.879323601722717285e-03
3.709313459694385529e-03
3.693857928737998009e-03
3.987512085586786270e-03
4.234799649566411972e-03
3.307471284642815590e-03
4.002967383712530136e-03
3.616580739617347717e-03
3.075639018788933754e-03
3.199282800778746605e-03
3.091094549745321274e-03
3.044728189706802368e-03
2.936539938673377037e-03
2.797440625727176666e-03
2.967450767755508423e-03
2.704707672819495201e-03
2.611974952742457390e-03
2.534697530791163445e-03
2.797440625727176666e-03
2.472875639796257019e-03
2.426509279757738113e-03
2.333776326850056648e-03
2.349231857806444168e-03
2.426509279757738113e-03
2.488331170752644539e-03
2.117399824783205986e-03
1.916478620842099190e-03
1.885567675344645977e-03
2.117399824783205986e-03
1.870112260803580284e-03
1.993756042793393135e-03
1.761923893354833126e-03
1.901023206301033497e-03
1.823745784349739552e-03
1.715557533316314220e-03
1.761923893354833126e-03
1.684646587818861008e-03
1.468269969336688519e-03
1.344626187346875668e-03
1.298259710893034935e-03
1.653735642321407795e-03
1.313715241849422455e-03
1.220982405357062817e-03
1.390992547385394573e-03
1.004605786874890327e-03
1.066427677869796753e-03
9.273283649235963821e-04
8.500510011799633503e-04
8.809619466774165630e-04
9.118728921748697758e-04
8.191400556825101376e-04
6.027634372003376484e-04
6.800408009439706802e-04
7.264072191901504993e-04
5.409415462054312229e-04
5.409415462054312229e-04
5.718524917028844357e-04
4.791196552105247974e-04
8.500510011799633503e-04
2.210132544860243797e-03
