3.910527750849723816e-02
6.791969388723373413e-02
6.492951512336730957e-02
5.681332945823669434e-02
5.067764222621917725e-02
4.640596359968185425e-02
4.221195355057716370e-02
3.634810447692871094e-02
3.343559429049491882e-02
3.137742355465888977e-02
2.761057764291763306e-02
2.446506917476654053e-02
2.194089628756046295e-02
2.135839313268661499e-02
1.790221780538558960e-02
1.898955367505550385e-02
1.495087612420320511e-02
1.456254161894321442e-02
1.440720725804567337e-02
1.335870474576950073e-02
1.231020130217075348e-02
1.137819886207580566e-02
1.001902855932712555e-02
9.902528487145900726e-03
9.203526191413402557e-03
1.017436198890209198e-02
9.009358473122119904e-03
7.145353592932224274e-03
6.485185120254755020e-03
7.805522065609693527e-03
6.912352982908487320e-03
6.718185730278491974e-03
6.368684582412242889e-03
6.368684582412242889e-03
6.562851835042238235e-03
6.329851225018501282e-03
6.912352982908487320e-03
5.786183290183544159e-03
5.747349467128515244e-03
5.592016037553548813e-03
5.359014961868524551e-03
5.941516719758510590e-03
4.931847099214792252e-03
5.436682142317295074e-03
4.815347027033567429e-03
4.854180384427309036e-03
5.863850004971027374e-03
4.660013131797313690e-03
4.543513059616088867e-03
4.543513059616088867e-03
4.271678626537322998e-03
4.349345806986093521e-03
4.271678626537322998e-03
3.689177101477980614e-03
4.232845269143581390e-03
3.262009238824248314e-03
4.310511983931064606e-03
3.611510153859853745e-03
3.961011301726102829e-03
3.805677406489849091e-03
3.495009848847985268e-03
3.650343744084239006e-03
3.029008628800511360e-03
4.077511373907327652e-03
3.883344354107975960e-03
3.145508933812379837e-03
3.067841986194252968e-03
3.106675576418638229e-03
2.873674733564257622e-03
3.650343744084239006e-03
3.106675576418638229e-03
3.766844049096107483e-03
3.689177101477980614e-03
3.262009238824248314e-03
2.912508323788642883e-03
2.601840766146779060e-03
2.563007175922393799e-03
2.990175038576126099e-03
2.213506260886788368e-03
1.941672177053987980e-03
2.252339618280529976e-03
2.563007175922393799e-03
2.135839313268661499e-03
1.669838093221187592e-03
1.669838093221187592e-03
1.436837366782128811e-03
1.126169809140264988e-03
1.553337788209319115e-03
1.475670840591192245e-03
8.155023097060620785e-04
1.359170535579323769e-03
7.378354202955961227e-04
1.203836756758391857e-03
1.631004619412124157e-03
1.514504314400255680e-03
1.048502977937459946e-03
1.436837366782128811e-03
1.242670230567455292e-03
1.747504924423992634e-03
2.135839313268661499e-03
