7.384499162435531616e-02
5.604645237326622009e-02
4.758899286389350891e-02
4.266599193215370178e-02
3.225195780396461487e-02
3.092653304338455200e-02
2.688715048134326935e-02
2.385761216282844543e-02
2.253218926489353180e-02
2.133299596607685089e-02
1.811411231756210327e-02
1.874526590108871460e-02
1.723049767315387726e-02
1.495834346860647202e-02
1.312799751758575439e-02
1.432718988507986069e-02
1.224438287317752838e-02
1.262307539582252502e-02
1.237061340361833572e-02
9.656652808189392090e-03
1.028780639171600342e-02
1.016157492995262146e-02
9.530421346426010132e-03
1.022469066083431244e-02
9.530421346426010132e-03
8.773037232458591461e-03
8.204998448491096497e-03
9.593537077307701111e-03
8.646806702017784119e-03
8.078767918050289154e-03
8.394344709813594818e-03
5.995960440486669540e-03
7.889421656727790833e-03
7.068921811878681183e-03
6.816460285335779190e-03
6.753345020115375519e-03
6.816460285335779190e-03
6.374652963131666183e-03
6.185306701809167862e-03
6.311537697911262512e-03
6.942691281437873840e-03
5.680383648723363876e-03
6.942691281437873840e-03
6.816460285335779190e-03
5.427922122180461884e-03
5.743498913943767548e-03
4.670537542551755905e-03
5.806614644825458527e-03
5.554153118282556534e-03
4.733653273433446884e-03
4.733653273433446884e-03
5.743498913943767548e-03
4.607422277331352234e-03
4.796768538653850555e-03
5.491037387400865555e-03
5.491037387400865555e-03
7.005806546658277512e-03
5.869729910045862198e-03
5.617268383502960205e-03
4.670537542551755905e-03
5.049230065196752548e-03
5.175460595637559891e-03
4.922999069094657898e-03
5.995960440486669540e-03
4.670537542551755905e-03
6.248421967029571533e-03
5.554153118282556534e-03
5.238576326519250870e-03
5.806614644825458527e-03
5.806614644825458527e-03
5.554153118282556534e-03
4.986114799976348877e-03
5.617268383502960205e-03
6.437768228352069855e-03
6.753345020115375519e-03
6.500883493572473526e-03
5.554153118282556534e-03
5.049230065196752548e-03
5.680383648723363876e-03
4.986114799976348877e-03
5.175460595637559891e-03
4.039383959025144577e-03
4.859883803874254227e-03
4.670537542551755905e-03
4.102499224245548248e-03
4.165614955127239227e-03
3.345114877447485924e-03
4.733653273433446884e-03
4.165614955127239227e-03
4.481191746890544891e-03
4.859883803874254227e-03
4.418076016008853912e-03
4.354960750788450241e-03
3.976268693804740906e-03
4.354960750788450241e-03
4.102499224245548248e-03
5.364806856960058212e-03
5.806614644825458527e-03
5.743498913943767548e-03
6.374652963131666183e-03
