2.960480935871601105e-02
9.596925228834152222e-02
1.055090203881263733e-01
9.072632342576980591e-02
7.957031577825546265e-02
6.819749623537063599e-02
5.739627406001091003e-02
4.856607690453529358e-02
3.920370712876319885e-02
3.262047842144966125e-02
2.812653966248035431e-02
2.564304694533348083e-02
2.160244435071945190e-02
1.890213787555694580e-02
1.639893651008605957e-02
1.409283559769392014e-02
1.375776063650846481e-02
1.235833205282688141e-02
1.155021227896213531e-02
1.040701661258935928e-02
8.554252795875072479e-03
8.199468255043029785e-03
6.997141987085342407e-03
6.800039205700159073e-03
6.839459761977195740e-03
5.834236741065979004e-03
5.124667193740606308e-03
4.750172607600688934e-03
4.178574774414300919e-03
4.868433810770511627e-03
4.178574774414300919e-03
4.395387601107358932e-03
3.429585136473178864e-03
3.902631346136331558e-03
3.252192866057157516e-03
2.818566979840397835e-03
2.582043875008821487e-03
2.660884987562894821e-03
2.246969612315297127e-03
2.246969612315297127e-03
2.345520770177245140e-03
2.483492717146873474e-03
2.286390168592333794e-03
2.148418221622705460e-03
2.720015821978449821e-03
1.931605394929647446e-03
2.010446507483720779e-03
1.655661733821034431e-03
1.813343842513859272e-03
2.306100213900208473e-03
2.089287387207150459e-03
1.734502846375107765e-03
1.675372011959552765e-03
1.340297632850706577e-03
1.399428350850939751e-03
1.438848907127976418e-03
1.734502846375107765e-03
1.458559185266494751e-03
1.340297632850706577e-03
1.399428350850939751e-03
1.773923286236822605e-03
1.419138628989458084e-03
1.438848907127976418e-03
1.517689903266727924e-03
1.438848907127976418e-03
1.399428350850939751e-03
1.300877076573669910e-03
1.557110459543764591e-03
1.241746358573436737e-03
1.241746358573436737e-03
1.103774528019130230e-03
1.143195084296166897e-03
1.458559185266494751e-03
1.123484806157648563e-03
1.202325802296400070e-03
1.261456636711955070e-03
1.300877076573669910e-03
1.458559185266494751e-03
1.005223253741860390e-03
1.123484806157648563e-03
9.066719212569296360e-04
9.460924193263053894e-04
1.182615524157881737e-03
9.658026974648237228e-04
8.869616431184113026e-04
1.202325802296400070e-03
9.263821993954479694e-04
1.320587354712188244e-03
8.081206469796597958e-04
1.044643693603575230e-03
6.898590945638716221e-04
1.084064249880611897e-03
8.081206469796597958e-04
8.475411450490355492e-04
9.855129756033420563e-04
1.103774528019130230e-03
6.898590945638716221e-04
7.884103688411414623e-04
1.793633564375340939e-03
3.133931197226047516e-03
