6.578566879034042358e-02
5.593358352780342102e-02
4.994351416826248169e-02
4.521451145410537720e-02
4.132622107863426208e-02
3.764810785651206970e-02
3.580905497074127197e-02
3.139531984925270081e-02
2.845282852649688721e-02
2.501116506755352020e-02
2.248903177678585052e-02
2.025589160621166229e-02
1.909991353750228882e-02
1.896855235099792480e-02
1.726085692644119263e-02
1.668286696076393127e-02
1.465990580618381500e-02
1.250558253377676010e-02
1.229540538042783737e-02
1.205895468592643738e-02
1.200641039758920670e-02
1.074534282088279724e-02
1.087670400738716125e-02
1.043007615953683853e-02
9.247826412320137024e-03
8.906287141144275665e-03
9.195281192660331726e-03
7.645219564437866211e-03
8.354569785296916962e-03
7.907941937446594238e-03
6.778236012905836105e-03
7.119775284081697464e-03
6.804508157074451447e-03
6.305336020886898041e-03
5.990068893879652023e-03
5.806163419038057327e-03
6.462969351559877396e-03
5.464624613523483276e-03
5.701074376702308655e-03
5.806163419038057327e-03
4.387462977319955826e-03
5.490896757692098618e-03
5.517168901860713959e-03
4.912907723337411880e-03
5.464624613523483276e-03
4.492552019655704498e-03
4.991724155843257904e-03
4.518824163824319839e-03
4.518824163824319839e-03
4.413735121488571167e-03
4.518824163824319839e-03
4.939179867506027222e-03
4.702729638665914536e-03
4.755273927003145218e-03
4.361190833151340485e-03
4.492552019655704498e-03
4.466279409825801849e-03
3.835746087133884430e-03
3.520479192957282066e-03
5.228174384683370590e-03
4.781546536833047867e-03
4.571368452161550522e-03
4.177284892648458481e-03
4.177284892648458481e-03
3.756929188966751099e-03
4.361190833151340485e-03
4.098468460142612457e-03
3.809473710134625435e-03
3.704384900629520416e-03
3.678112523630261421e-03
3.967107273638248444e-03
3.625568235293030739e-03
3.704384900629520416e-03
3.914562519639730453e-03
3.494207048788666725e-03
3.704384900629520416e-03
3.336573485285043716e-03
3.888290375471115112e-03
3.967107273638248444e-03
4.019651561975479126e-03
3.625568235293030739e-03
3.730657044798135757e-03
4.361190833151340485e-03
3.993379417806863785e-03
3.940835129469633102e-03
3.573023714125156403e-03
3.730657044798135757e-03
4.466279409825801849e-03
4.282373934984207153e-03
4.072196315973997116e-03
3.993379417806863785e-03
4.597640596330165863e-03
4.518824163824319839e-03
4.045923706144094467e-03
4.440007265657186508e-03
4.124740604311227798e-03
4.991724155843257904e-03
4.886635113507509232e-03
5.254446528851985931e-03
6.751963868737220764e-03
