8.123956620693206787e-02
1.001126170158386230e-01
8.516173809766769409e-02
6.931769847869873047e-02
5.553182214498519897e-02
4.726029932498931885e-02
3.980427980422973633e-02
3.471709787845611572e-02
3.071725368499755859e-02
2.776591107249259949e-02
2.419323474168777466e-02
1.953322254121303558e-02
1.720321550965309143e-02
1.708671450614929199e-02
1.646538078784942627e-02
1.522270962595939636e-02
1.374703925102949142e-02
1.168886665254831314e-02
1.234903465956449509e-02
1.071802992373704910e-02
7.999689318239688873e-03
8.582190610468387604e-03
9.048192761838436127e-03
7.261854130774736404e-03
7.572521455585956573e-03
6.329851225018501282e-03
6.757019087672233582e-03
7.494854740798473358e-03
7.339520845562219620e-03
5.708516109734773636e-03
6.135683972388505936e-03
5.669682752341032028e-03
5.359014961868524551e-03
5.436682142317295074e-03
6.135683972388505936e-03
4.970680922269821167e-03
4.543513059616088867e-03
5.747349467128515244e-03
5.203681532293558121e-03
4.970680922269821167e-03
4.465845879167318344e-03
4.970680922269821167e-03
5.009514279663562775e-03
4.582346417009830475e-03
4.465845879167318344e-03
4.155178554356098175e-03
4.465845879167318344e-03
4.893013741821050644e-03
3.922177944332361221e-03
3.961011301726102829e-03
3.456176491454243660e-03
3.533843439072370529e-03
3.844510996714234352e-03
3.533843439072370529e-03
3.417342901229858398e-03
2.912508323788642883e-03
3.728010458871722221e-03
3.844510996714234352e-03
3.456176491454243660e-03
3.417342901229858398e-03
2.135839313268661499e-03
2.718341071158647537e-03
2.951341681182384491e-03
3.300842596217989922e-03
1.747504924423992634e-03
1.980505650863051414e-03
2.485340461134910583e-03
2.252339618280529976e-03
2.640674123540520668e-03
2.368840156123042107e-03
2.485340461134910583e-03
2.097005955874919891e-03
2.213506260886788368e-03
1.941672177053987980e-03
1.631004619412124157e-03
1.514504314400255680e-03
1.553337788209319115e-03
1.631004619412124157e-03
1.514504314400255680e-03
1.553337788209319115e-03
1.475670840591192245e-03
1.087336451746523380e-03
1.087336451746523380e-03
1.320337061770260334e-03
1.320337061770260334e-03
8.543357253074645996e-04
1.087336451746523380e-03
1.126169809140264988e-03
5.436682258732616901e-04
5.436682258732616901e-04
6.990020046941936016e-04
5.825016414746642113e-04
8.155023097060620785e-04
8.543357253074645996e-04
1.048502977937459946e-03
8.155023097060620785e-04
8.543357253074645996e-04
5.825016414746642113e-04
9.708360885269939899e-04
1.475670840591192245e-03
