1.195405200123786926e-01
6.620802730321884155e-02
5.415299162268638611e-02
4.626356810331344604e-02
3.654380142688751221e-02
3.010603412985801697e-02
2.947488054633140564e-02
2.461499534547328949e-02
2.366826497018337250e-02
2.095430530607700348e-02
1.887149736285209656e-02
1.773541979491710663e-02
1.457965187728404999e-02
1.375915203243494034e-02
1.375915203243494034e-02
1.192880608141422272e-02
1.218126714229583740e-02
1.155011355876922607e-02
1.085584424436092377e-02
1.009846013039350510e-02
1.016157492995262146e-02
9.719767607748508453e-03
8.962383493781089783e-03
8.773037232458591461e-03
8.015652187168598175e-03
8.457460440695285797e-03
9.656652808189392090e-03
7.321383338421583176e-03
7.384499069303274155e-03
7.195152807980775833e-03
6.879576016217470169e-03
7.132037542760372162e-03
6.816460285335779190e-03
6.816460285335779190e-03
7.447614334523677826e-03
6.122191436588764191e-03
5.491037387400865555e-03
7.258268073201179504e-03
6.059076171368360519e-03
6.122191436588764191e-03
6.185306701809167862e-03
6.374652963131666183e-03
5.743498913943767548e-03
4.986114799976348877e-03
5.301691591739654541e-03
5.680383648723363876e-03
5.806614644825458527e-03
6.122191436588764191e-03
6.059076171368360519e-03
4.291845485568046570e-03
4.986114799976348877e-03
4.607422277331352234e-03
4.481191746890544891e-03
4.165614955127239227e-03
5.175460595637559891e-03
4.481191746890544891e-03
4.670537542551755905e-03
5.238576326519250870e-03
5.554153118282556534e-03
5.049230065196752548e-03
3.913153428584337234e-03
5.238576326519250870e-03
4.228730220347642899e-03
5.427922122180461884e-03
4.481191746890544891e-03
4.796768538653850555e-03
5.554153118282556534e-03
4.291845485568046570e-03
4.354960750788450241e-03
5.554153118282556534e-03
5.364806856960058212e-03
5.743498913943767548e-03
4.102499224245548248e-03
4.102499224245548248e-03
4.291845485568046570e-03
3.155768848955631256e-03
4.102499224245548248e-03
4.544307012110948563e-03
4.733653273433446884e-03
3.218884114176034927e-03
3.345114877447485924e-03
3.281999379396438599e-03
3.218884114176034927e-03
2.840191824361681938e-03
2.840191824361681938e-03
3.155768848955631256e-03
2.713961061090230942e-03
3.408230142667889595e-03
3.345114877447485924e-03
2.524615032598376274e-03
2.209038008004426956e-03
2.903307322412729263e-03
2.335268771275877953e-03
3.092653350904583931e-03
3.408230142667889595e-03
3.850037930533289909e-03
3.471345640718936920e-03
4.291845485568046570e-03
4.670537542551755905e-03
4.291845485568046570e-03
