1.939076334238052368e-01
1.012119203805923462e-01
6.681951880455017090e-02
4.421880096197128296e-02
4.454634711146354675e-02
3.177202865481376648e-02
3.078938834369182587e-02
2.325581386685371399e-02
2.915165387094020844e-02
1.932525448501110077e-02
1.834261417388916016e-02
1.604978740215301514e-02
1.015394739806652069e-02
1.342941354960203171e-02
1.441205386072397232e-02
1.211922708898782730e-02
1.113658677786588669e-02
1.048149354755878448e-02
1.048149354755878448e-02
8.188666775822639465e-03
7.533573545515537262e-03
6.223386619240045547e-03
6.878480315208435059e-03
6.550933700054883957e-03
4.913200158625841141e-03
6.878480315208435059e-03
6.550933700054883957e-03
6.223386619240045547e-03
2.292826771736145020e-03
6.223386619240045547e-03
5.240746773779392242e-03
5.568293388932943344e-03
4.913200158625841141e-03
4.913200158625841141e-03
5.240746773779392242e-03
5.240746773779392242e-03
3.603013465180993080e-03
3.930560313165187836e-03
4.258106928318738937e-03
3.603013465180993080e-03
4.585653543472290039e-03
5.240746773779392242e-03
2.947920002043247223e-03
3.603013465180993080e-03
2.620373386889696121e-03
3.275466850027441978e-03
2.947920002043247223e-03
3.930560313165187836e-03
5.568293388932943344e-03
2.947920002043247223e-03
2.947920002043247223e-03
2.947920002043247223e-03
3.603013465180993080e-03
3.603013465180993080e-03
2.947920002043247223e-03
2.620373386889696121e-03
3.275466850027441978e-03
2.292826771736145020e-03
3.603013465180993080e-03
3.930560313165187836e-03
5.895840004086494446e-03
1.637733425013720989e-03
2.620373386889696121e-03
3.603013465180993080e-03
1.637733425013720989e-03
3.275466850027441978e-03
2.292826771736145020e-03
2.620373386889696121e-03
2.947920002043247223e-03
2.947920002043247223e-03
2.620373386889696121e-03
2.620373386889696121e-03
3.603013465180993080e-03
1.965280156582593918e-03
4.258106928318738937e-03
2.292826771736145020e-03
1.965280156582593918e-03
1.965280156582593918e-03
2.947920002043247223e-03
4.913200158625841141e-03
1.965280156582593918e-03
2.620373386889696121e-03
2.292826771736145020e-03
2.947920002043247223e-03
2.947920002043247223e-03
2.292826771736145020e-03
3.275466850027441978e-03
1.310186693444848061e-03
2.620373386889696121e-03
3.275466850027441978e-03
2.620373386889696121e-03
3.930560313165187836e-03
2.292826771736145020e-03
1.965280156582593918e-03
4.258106928318738937e-03
2.947920002043247223e-03
3.603013465180993080e-03
1.310186693444848061e-03
3.275466850027441978e-03
3.603013465180993080e-03
