6.326992996037006378e-03
5.071449652314186096e-02
8.329555392265319824e-02
9.068690240383148193e-02
8.122597634792327881e-02
6.502414494752883911e-02
5.321770161390304565e-02
4.653592035174369812e-02
3.825761377811431885e-02
3.325120732188224792e-02
2.889524027705192566e-02
2.536710351705551147e-02
2.501231804490089417e-02
2.243027463555335999e-02
1.988765224814414978e-02
1.846851222217082977e-02
1.736473850905895233e-02
1.588646881282329559e-02
1.517689973115921021e-02
1.464472245424985886e-02
1.302848104387521744e-02
1.220065075904130936e-02
1.107716560363769531e-02
1.019020378589630127e-02
1.001281198114156723e-02
8.987878449261188507e-03
9.106139652431011200e-03
7.687001023441553116e-03
8.100916631519794464e-03
7.312505971640348434e-03
7.292795926332473755e-03
5.794816184788942337e-03
6.504385732114315033e-03
4.829013720154762268e-03
4.651620984077453613e-03
4.888144321739673615e-03
4.020893014967441559e-03
3.981472458690404892e-03
3.587267128750681877e-03
3.587267128750681877e-03
3.311323467642068863e-03
3.331033745780587196e-03
2.838277257978916168e-03
2.759436378255486488e-03
2.700305543839931488e-03
2.857987536117434502e-03
2.246969612315297127e-03
2.424361882731318474e-03
2.384941326454281807e-03
2.148418221622705460e-03
2.049867063760757446e-03
1.951315673068165779e-03
1.793633564375340939e-03
2.207549056038260460e-03
2.207549056038260460e-03
2.049867063760757446e-03
1.990736229345202446e-03
1.833054120652377605e-03
1.813343842513859272e-03
1.852764398790895939e-03
2.089287387207150459e-03
1.655661733821034431e-03
1.911895116791129112e-03
1.754213124513626099e-03
1.892184838652610779e-03
1.754213124513626099e-03
1.773923286236822605e-03
1.655661733821034431e-03
1.399428350850939751e-03
1.576820737682282925e-03
1.419138628989458084e-03
1.300877076573669910e-03
1.438848907127976418e-03
1.497979741543531418e-03
1.557110459543764591e-03
1.517689903266727924e-03
1.281166798435151577e-03
1.399428350850939751e-03
1.616241293959319592e-03
1.438848907127976418e-03
1.044643693603575230e-03
1.222036080434918404e-03
1.005223253741860390e-03
1.281166798435151577e-03
8.278308669105172157e-04
1.024933531880378723e-03
9.855129756033420563e-04
1.222036080434918404e-03
1.024933531880378723e-03
9.658026974648237228e-04
1.123484806157648563e-03
1.419138628989458084e-03
6.898590945638716221e-04
9.460924193263053894e-04
8.475411450490355492e-04
8.672514231875538826e-04
1.103774528019130230e-03
1.064353971742093563e-03
1.320587354712188244e-03
2.818566979840397835e-03
