3.491579741239547729e-02
4.713238403201103210e-02
4.802564159035682678e-02
4.221947863698005676e-02
3.549378737807273865e-02
3.016052395105361938e-02
2.548406645655632019e-02
2.417045459151268005e-02
2.033470757305622101e-02
2.064997516572475433e-02
1.952026970684528351e-02
1.894227974116802216e-02
1.726085692644119263e-02
1.686677336692810059e-02
1.681422814726829529e-02
1.642014645040035248e-02
1.620996743440628052e-02
1.568452268838882446e-02
1.463363412767648697e-02
1.468617841601371765e-02
1.397682819515466690e-02
1.363528892397880554e-02
1.387173868715763092e-02
1.224286016076803207e-02
1.192759349942207336e-02
1.137587707489728928e-02
1.127078756690025330e-02
1.187504921108484268e-02
1.098179351538419724e-02
9.668181650340557098e-03
1.056143734604120255e-02
9.142736904323101044e-03
8.932558819651603699e-03
8.407114073634147644e-03
7.776580750942230225e-03
8.485930971801280975e-03
8.485930971801280975e-03
7.618947420269250870e-03
6.515513639897108078e-03
7.907941937446594238e-03
7.119775284081697464e-03
6.436697207391262054e-03
7.251136470586061478e-03
6.436697207391262054e-03
6.804508157074451447e-03
6.489241495728492737e-03
6.068885792046785355e-03
6.620602682232856750e-03
6.016341503709554672e-03
5.727346986532211304e-03
5.779891274869441986e-03
5.806163419038057327e-03
5.701074376702308655e-03
5.464624613523483276e-03
5.464624613523483276e-03
5.254446528851985931e-03
5.884980317205190659e-03
5.333263427019119263e-03
4.466279409825801849e-03
4.545096307992935181e-03
5.175630096346139908e-03
4.860362969338893890e-03
5.464624613523483276e-03
4.334918223321437836e-03
4.518824163824319839e-03
4.597640596330165863e-03
4.203557036817073822e-03
4.282373934984207153e-03
4.308646079152822495e-03
4.466279409825801849e-03
4.019651561975479126e-03
3.835746087133884430e-03
4.440007265657186508e-03
4.072196315973997116e-03
4.177284892648458481e-03
3.888290375471115112e-03
4.019651561975479126e-03
3.756929188966751099e-03
3.362845862284302711e-03
3.467934671789407730e-03
3.888290375471115112e-03
3.967107273638248444e-03
4.518824163824319839e-03
4.440007265657186508e-03
4.203557036817073822e-03
4.124740604311227798e-03
3.467934671789407730e-03
3.546751337125897408e-03
4.755273927003145218e-03
4.387462977319955826e-03
4.991724155843257904e-03
4.151012748479843140e-03
5.123085342347621918e-03
5.779891274869441986e-03
5.412079859524965286e-03
5.832435563206672668e-03
6.173974834382534027e-03
5.858707707375288010e-03
5.701074376702308655e-03
5.464624613523483276e-03
