5.052394047379493713e-02
1.462087780237197876e-01
1.061172783374786377e-01
7.573181390762329102e-02
5.764891207218170166e-02
4.764922335743904114e-02
4.012240841984748840e-02
3.434206172823905945e-02
2.992179617285728455e-02
2.686161175370216370e-02
2.364687249064445496e-02
2.134400792419910431e-02
1.896386593580245972e-02
1.752650551497936249e-02
1.619733497500419617e-02
1.438904553651809692e-02
1.403356902301311493e-02
1.282804273068904877e-02
1.182343624532222748e-02
1.083428598940372467e-02
1.010787952691316605e-02
1.009242329746484756e-02
9.582392871379852295e-03
8.515965193510055542e-03
8.253222331404685974e-03
7.202250417321920395e-03
7.001329213380813599e-03
6.676764227449893951e-03
5.749436095356941223e-03
5.934901535511016846e-03
5.749436095356941223e-03
5.270316265523433685e-03
4.713919013738632202e-03
4.250254947692155838e-03
3.709313459694385529e-03
3.863868303596973419e-03
4.064789507538080215e-03
4.281166009604930878e-03
3.941145725548267365e-03
3.369293175637722015e-03
2.982906298711895943e-03
3.585669677704572678e-03
3.662947099655866623e-03
3.152916440740227699e-03
2.859262516722083092e-03
2.921084407716989517e-03
2.766529563814401627e-03
2.967450767755508423e-03
2.658341312780976295e-03
2.797440625727176666e-03
2.426509279757738113e-03
2.302865497767925262e-03
2.426509279757738113e-03
2.395598217844963074e-03
2.457420108839869499e-03
2.488331170752644539e-03
2.673796843737363815e-03
1.993756042793393135e-03
2.349231857806444168e-03
2.271954435855150223e-03
1.715557533316314220e-03
2.024666871875524521e-03
1.777379424311220646e-03
1.792834838852286339e-03
1.700102002359926701e-03
1.931934151798486710e-03
1.653735642321407795e-03
1.761923893354833126e-03
1.885567675344645977e-03
1.499180914834141731e-03
1.329170656390488148e-03
1.406448078341782093e-03
1.329170656390488148e-03
1.344626187346875668e-03
1.298259710893034935e-03
1.437359023839235306e-03
1.128249568864703178e-03
1.545547274872660637e-03
1.360081601887941360e-03
1.004605786874890327e-03
9.273283649235963821e-04
1.066427677869796753e-03
1.035516732372343540e-03
9.118728921748697758e-04
8.964174194261431694e-04
1.159160514362156391e-03
1.112794037908315659e-03
9.891502559185028076e-04
8.036845829337835312e-04
6.027634372003376484e-04
6.800408009439706802e-04
6.491298554465174675e-04
5.254860734567046165e-04
3.245649277232587337e-04
4.327532369643449783e-04
4.172977642156183720e-04
4.482087097130715847e-04
4.791196552105247974e-04
5.409415462054312229e-04
1.885567675344645977e-03
