9.749859571456909180e-02
7.443634420633316040e-02
5.839596316218376160e-02
4.684239998459815979e-02
3.948401659727096558e-02
3.414469957351684570e-02
2.988222055137157440e-02
2.586651779711246490e-02
2.476724609732627869e-02
2.259113825857639313e-02
2.037016302347183228e-02
1.891194656491279602e-02
1.779024116694927216e-02
1.619742065668106079e-02
1.500841323286294937e-02
1.435782387852668762e-02
1.328098680824041367e-02
1.305664610117673874e-02
1.195737533271312714e-02
1.272013504058122635e-02
1.049915887415409088e-02
1.063376292586326599e-02
1.103757694363594055e-02
9.534492157399654388e-03
8.906337432563304901e-03
9.085810743272304535e-03
9.422321803867816925e-03
8.569826371967792511e-03
8.166012354195117950e-03
7.605159655213356018e-03
7.650027982890605927e-03
7.874368689954280853e-03
7.807066664099693298e-03
6.707795895636081696e-03
6.797532085329294205e-03
6.730230059474706650e-03
6.550757214426994324e-03
5.967470351606607437e-03
5.787997972220182419e-03
6.326416041702032089e-03
5.945036653429269791e-03
5.384183954447507858e-03
4.913067910820245743e-03
4.845765419304370880e-03
5.272013600915670395e-03
5.092540755867958069e-03
5.563656799495220184e-03
4.957936238497495651e-03
4.733595065772533417e-03
4.554122220724821091e-03
4.329781047999858856e-03
5.272013600915670395e-03
4.419517703354358673e-03
4.913067910820245743e-03
4.105440340936183929e-03
4.015703685581684113e-03
3.858665237203240395e-03
3.858665237203240395e-03
3.903533332049846649e-03
4.284913185983896255e-03
3.903533332049846649e-03
4.441951867192983627e-03
4.240044858306646347e-03
3.611890133470296860e-03
3.881099168211221695e-03
4.172742366790771484e-03
3.051037667319178581e-03
3.903533332049846649e-03
3.477285383269190788e-03
3.611890133470296860e-03
3.499719547107815742e-03
4.441951867192983627e-03
3.701626555994153023e-03
3.477285383269190788e-03
3.589455969631671906e-03
4.352215211838483810e-03
3.768928814679384232e-03
3.724060487002134323e-03
3.679192392155528069e-03
3.499719547107815742e-03
2.916432917118072510e-03
3.454851452261209488e-03
3.073471598327159882e-03
3.432417288422584534e-03
3.611890133470296860e-03
3.925967495888471603e-03
3.342680865898728371e-03
2.826696494594216347e-03
3.006169339641928673e-03
3.432417288422584534e-03
3.432417288422584534e-03
2.961301244795322418e-03
2.467751037329435349e-03
2.445316873490810394e-03
2.265844028443098068e-03
2.063937252387404442e-03
1.884464407339692116e-03
2.086371183395385742e-03
2.804262563586235046e-03
5.092540755867958069e-03
