1.432582885026931763e-01
7.690034061670303345e-02
5.946105718612670898e-02
4.655401781201362610e-02
3.561751917004585266e-02
3.359771519899368286e-02
2.640524134039878845e-02
2.349869534373283386e-02
2.266121469438076019e-02
2.019803971052169800e-02
1.876939833164215088e-02
1.940982230007648468e-02
1.497610751539468765e-02
1.512389816343784332e-02
1.295630354434251785e-02
1.231587771326303482e-02
1.133060734719038010e-02
1.133060734719038010e-02
1.123207993805408478e-02
9.458594024181365967e-03
9.655647911131381989e-03
9.409330785274505615e-03
8.818168193101882935e-03
7.389526348561048508e-03
8.276269771158695221e-03
7.980688475072383881e-03
8.325533010065555573e-03
6.798364222049713135e-03
7.488053757697343826e-03
6.502783391624689102e-03
8.325533010065555573e-03
6.059411913156509399e-03
6.256465800106525421e-03
5.271195434033870697e-03
6.354992743581533432e-03
6.157938856631517410e-03
5.714567378163337708e-03
5.418986082077026367e-03
5.221932195127010345e-03
5.813094321638345718e-03
5.221932195127010345e-03
4.975614603608846664e-03
5.468249786645174026e-03
4.975614603608846664e-03
5.221932195127010345e-03
5.369722843170166016e-03
4.532243125140666962e-03
5.221932195127010345e-03
4.384452477097511292e-03
4.482979420572519302e-03
4.778560716658830643e-03
5.566776730120182037e-03
4.926350899040699005e-03
4.729297012090682983e-03
3.497709287330508232e-03
5.123405251652002335e-03
4.187398590147495270e-03
3.891817294061183929e-03
4.236661829054355621e-03
3.793290350586175919e-03
3.793290350586175919e-03
3.251391695812344551e-03
3.005074104294180870e-03
3.596236230805516243e-03
3.694763174280524254e-03
4.827823955565690994e-03
3.054337576031684875e-03
2.610966097563505173e-03
3.645499702543020248e-03
3.103601047769188881e-03
3.990344237536191940e-03
3.448445815593004227e-03
2.758756512776017189e-03
3.842553822323679924e-03
3.103601047769188881e-03
2.512438921257853508e-03
3.448445815593004227e-03
3.793290350586175919e-03
3.202128224074840546e-03
3.497709287330508232e-03
3.251391695812344551e-03
3.645499702543020248e-03
3.202128224074840546e-03
3.152864752337336540e-03
2.758756512776017189e-03
2.660229569301009178e-03
2.955810632556676865e-03
3.349918639287352562e-03
3.005074104294180870e-03
3.497709287330508232e-03
3.103601047769188881e-03
3.596236230805516243e-03
3.546972759068012238e-03
3.349918639287352562e-03
3.300655167549848557e-03
3.793290350586175919e-03
4.138134885579347610e-03
2.857283689081668854e-03
4.236661829054355621e-03
7.537316996604204178e-03
