1.693883538246154785e-01
4.060273244976997375e-02
3.228919208049774170e-02
2.070962078869342804e-02
1.870546303689479828e-02
1.744358614087104797e-02
1.640439406037330627e-02
1.269299257546663284e-02
1.105997618287801743e-02
1.135688833892345428e-02
1.054038014262914658e-02
1.172802876681089401e-02
9.501188062131404877e-03
8.981591090559959412e-03
1.009501144289970398e-02
9.798100218176841736e-03
8.165082894265651703e-03
8.536223322153091431e-03
7.942399010062217712e-03
6.977434735745191574e-03
7.051662541925907135e-03
7.719715125858783722e-03
7.348574697971343994e-03
6.903206463903188705e-03
7.793942932039499283e-03
6.235154345631599426e-03
6.309382617473602295e-03
6.086698267608880997e-03
7.645486854016780853e-03
6.680522579699754715e-03
7.645486854016780853e-03
6.903206463903188705e-03
5.938242189586162567e-03
6.680522579699754715e-03
5.492873955518007278e-03
6.160926539450883865e-03
6.754750385880470276e-03
5.121733993291854858e-03
6.309382617473602295e-03
4.453681875020265579e-03
5.121733993291854858e-03
6.680522579699754715e-03
5.789786111563444138e-03
6.754750385880470276e-03
5.715558305382728577e-03
5.567102227360010147e-03
6.235154345631599426e-03
6.383610423654317856e-03
6.606294307857751846e-03
5.864014383405447006e-03
5.641330033540725708e-03
6.086698267608880997e-03
5.195961799472570419e-03
4.824821837246417999e-03
5.344417877495288849e-03
5.344417877495288849e-03
5.418646149337291718e-03
5.567102227360010147e-03
6.160926539450883865e-03
6.235154345631599426e-03
6.086698267608880997e-03
6.012470461428165436e-03
5.195961799472570419e-03
5.121733993291854858e-03
6.160926539450883865e-03
5.715558305382728577e-03
5.492873955518007278e-03
5.121733993291854858e-03
5.492873955518007278e-03
5.418646149337291718e-03
4.899050109088420868e-03
5.270190071314573288e-03
6.532066501677036285e-03
6.606294307857751846e-03
5.047505721449851990e-03
5.641330033540725708e-03
6.532066501677036285e-03
6.160926539450883865e-03
6.828978657722473145e-03
7.274346891790628433e-03
6.086698267608880997e-03
5.715558305382728577e-03
7.497030775994062424e-03
6.828978657722473145e-03
7.422802969813346863e-03
7.497030775994062424e-03
7.497030775994062424e-03
7.200118619948625565e-03
7.571259047836065292e-03
9.426959790289402008e-03
1.091152057051658630e-02
9.426959790289402008e-03
8.461995050311088562e-03
1.039192359894514084e-02
9.872327558696269989e-03
1.313836127519607544e-02
1.247030869126319885e-02
1.247030869126319885e-02
1.484560593962669373e-02
1.796318218111991882e-02
