4.136914610862731934e-01
1.038322970271110535e-01
4.945954680442810059e-02
3.963314741849899292e-02
3.013429418206214905e-02
1.932525448501110077e-02
1.768752001225948334e-02
1.473960001021623611e-02
8.188666775822639465e-03
1.277432031929492950e-02
1.211922708898782730e-02
7.861120626330375671e-03
6.223386619240045547e-03
7.861120626330375671e-03
7.861120626330375671e-03
5.568293388932943344e-03
8.188666775822639465e-03
6.878480315208435059e-03
4.258106928318738937e-03
5.568293388932943344e-03
4.913200158625841141e-03
4.913200158625841141e-03
2.947920002043247223e-03
7.206026930361986160e-03
3.603013465180993080e-03
3.930560313165187836e-03
4.585653543472290039e-03
5.240746773779392242e-03
2.292826771736145020e-03
1.965280156582593918e-03
2.947920002043247223e-03
2.947920002043247223e-03
3.275466850027441978e-03
2.292826771736145020e-03
2.947920002043247223e-03
2.947920002043247223e-03
3.930560313165187836e-03
2.292826771736145020e-03
3.930560313165187836e-03
2.620373386889696121e-03
2.292826771736145020e-03
3.603013465180993080e-03
2.947920002043247223e-03
3.275466850027441978e-03
3.603013465180993080e-03
2.292826771736145020e-03
3.275466850027441978e-03
1.637733425013720989e-03
1.965280156582593918e-03
1.965280156582593918e-03
2.292826771736145020e-03
2.947920002043247223e-03
1.965280156582593918e-03
1.637733425013720989e-03
2.292826771736145020e-03
2.292826771736145020e-03
9.826400782912969589e-04
2.947920002043247223e-03
1.310186693444848061e-03
2.620373386889696121e-03
9.826400782912969589e-04
9.826400782912969589e-04
1.965280156582593918e-03
1.637733425013720989e-03
2.620373386889696121e-03
2.620373386889696121e-03
1.965280156582593918e-03
1.965280156582593918e-03
3.603013465180993080e-03
2.292826771736145020e-03
1.965280156582593918e-03
1.310186693444848061e-03
2.947920002043247223e-03
1.310186693444848061e-03
9.826400782912969589e-04
1.965280156582593918e-03
1.310186693444848061e-03
3.603013465180993080e-03
2.947920002043247223e-03
2.620373386889696121e-03
1.965280156582593918e-03
2.292826771736145020e-03
2.620373386889696121e-03
1.637733425013720989e-03
3.930560313165187836e-03
2.292826771736145020e-03
1.637733425013720989e-03
1.965280156582593918e-03
2.292826771736145020e-03
1.965280156582593918e-03
3.930560313165187836e-03
6.550933467224240303e-04
3.930560313165187836e-03
2.620373386889696121e-03
2.620373386889696121e-03
1.965280156582593918e-03
4.913200158625841141e-03
3.603013465180993080e-03
5.568293388932943344e-03
4.258106928318738937e-03
