3.494111001491546631e-01
7.403253018856048584e-02
3.813796862959861755e-02
2.411665767431259155e-02
1.794728077948093414e-02
1.850813254714012146e-02
1.738642714917659760e-02
8.412787690758705139e-03
1.233875472098588943e-02
7.291082292795181274e-03
8.973640389740467072e-03
6.730230059474706650e-03
8.412787690758705139e-03
1.009534485638141632e-02
5.047672428190708160e-03
5.608525127172470093e-03
1.121705025434494019e-02
6.730230059474706650e-03
3.925967495888471603e-03
7.291082292795181274e-03
3.365115029737353325e-03
6.169377360492944717e-03
7.291082292795181274e-03
3.365115029737353325e-03
5.047672428190708160e-03
3.925967495888471603e-03
5.608525127172470093e-03
3.365115029737353325e-03
4.486820194870233536e-03
2.804262563586235046e-03
2.804262563586235046e-03
1.682557514868676662e-03
4.486820194870233536e-03
2.243410097435116768e-03
2.243410097435116768e-03
3.925967495888471603e-03
2.804262563586235046e-03
4.486820194870233536e-03
4.486820194870233536e-03
3.365115029737353325e-03
4.486820194870233536e-03
1.682557514868676662e-03
3.925967495888471603e-03
3.925967495888471603e-03
2.243410097435116768e-03
2.804262563586235046e-03
1.682557514868676662e-03
1.121705048717558384e-03
3.365115029737353325e-03
5.047672428190708160e-03
2.243410097435116768e-03
2.804262563586235046e-03
3.365115029737353325e-03
2.243410097435116768e-03
3.925967495888471603e-03
5.047672428190708160e-03
2.243410097435116768e-03
2.243410097435116768e-03
2.804262563586235046e-03
5.047672428190708160e-03
1.682557514868676662e-03
2.243410097435116768e-03
3.365115029737353325e-03
2.243410097435116768e-03
1.682557514868676662e-03
4.486820194870233536e-03
3.365115029737353325e-03
1.682557514868676662e-03
3.365115029737353325e-03
3.925967495888471603e-03
1.682557514868676662e-03
3.365115029737353325e-03
6.169377360492944717e-03
3.365115029737353325e-03
2.804262563586235046e-03
5.047672428190708160e-03
4.486820194870233536e-03
3.365115029737353325e-03
2.243410097435116768e-03
2.243410097435116768e-03
2.804262563586235046e-03
4.486820194870233536e-03
4.486820194870233536e-03
5.608525127172470093e-03
7.291082292795181274e-03
5.608525127172470093e-03
3.925967495888471603e-03
4.486820194870233536e-03
8.973640389740467072e-03
5.047672428190708160e-03
6.730230059474706650e-03
6.169377360492944717e-03
6.730230059474706650e-03
7.291082292795181274e-03
6.730230059474706650e-03
8.973640389740467072e-03
7.851934991776943207e-03
1.177790202200412750e-02
1.570386998355388641e-02
2.467750944197177887e-02
